(kicad_pcb (version 20171130) (host pcbnew 5.1.5-1.fc31)

  (general
    (thickness 1.6)
    (drawings 8)
    (tracks 331)
    (zones 0)
    (modules 230)
    (nets 168)
  )

  (page A4)
  (title_block
    (title "Motor Controller")
    (date 2019-12-20)
    (rev 0.6.0)
  )

  (layers
    (0 F.Cu signal)
    (31 B.Cu signal)
    (32 B.Adhes user)
    (33 F.Adhes user)
    (34 B.Paste user)
    (35 F.Paste user)
    (36 B.SilkS user)
    (37 F.SilkS user)
    (38 B.Mask user)
    (39 F.Mask user)
    (40 Dwgs.User user)
    (41 Cmts.User user)
    (42 Eco1.User user)
    (43 Eco2.User user)
    (44 Edge.Cuts user)
    (45 Margin user)
    (46 B.CrtYd user)
    (47 F.CrtYd user)
    (48 B.Fab user)
    (49 F.Fab user)
  )

  (setup
    (last_trace_width 0.2)
    (trace_clearance 0.2)
    (zone_clearance 0.1)
    (zone_45_only no)
    (trace_min 0.2)
    (via_size 0.8)
    (via_drill 0.4)
    (via_min_size 0.4)
    (via_min_drill 0.3)
    (uvia_size 0.3)
    (uvia_drill 0.1)
    (uvias_allowed no)
    (uvia_min_size 0.2)
    (uvia_min_drill 0.1)
    (edge_width 0.1)
    (segment_width 0.2)
    (pcb_text_width 0.3)
    (pcb_text_size 1.5 1.5)
    (mod_edge_width 0.15)
    (mod_text_size 1 1)
    (mod_text_width 0.15)
    (pad_size 0.975 1.4)
    (pad_drill 0)
    (pad_to_mask_clearance 0)
    (aux_axis_origin 0 0)
    (visible_elements FFFFFF7F)
    (pcbplotparams
      (layerselection 0x010fc_ffffffff)
      (usegerberextensions false)
      (usegerberattributes false)
      (usegerberadvancedattributes false)
      (creategerberjobfile false)
      (excludeedgelayer true)
      (linewidth 0.100000)
      (plotframeref false)
      (viasonmask false)
      (mode 1)
      (useauxorigin false)
      (hpglpennumber 1)
      (hpglpenspeed 20)
      (hpglpendiameter 15.000000)
      (psnegative false)
      (psa4output false)
      (plotreference true)
      (plotvalue true)
      (plotinvisibletext false)
      (padsonsilk false)
      (subtractmaskfromsilk false)
      (outputformat 1)
      (mirror false)
      (drillshape 0)
      (scaleselection 1)
      (outputdirectory "gbr/"))
  )

  (net 0 "")
  (net 1 GND)
  (net 2 +3V3)
  (net 3 /VCAP_1)
  (net 4 /VCAP_2)
  (net 5 /LSE_IN)
  (net 6 /LSE_OUT)
  (net 7 /DC_Bus_Voltage)
  (net 8 +5V)
  (net 9 /HSE_IN)
  (net 10 /HSE_OUT)
  (net 11 /Motor_Voltage_U)
  (net 12 /DC_Current)
  (net 13 /Motor_Voltage_V)
  (net 14 /Motor_Current_U)
  (net 15 /Motor_Voltage_W)
  (net 16 /Motor_Current_V)
  (net 17 /Motor_Current_W)
  (net 18 "Net-(J1-Pad2)")
  (net 19 "Net-(J1-Pad1)")
  (net 20 /reset)
  (net 21 /SWO)
  (net 22 /SWCLK)
  (net 23 /SWDIO)
  (net 24 /SD_DAT2)
  (net 25 /SD_DAT3)
  (net 26 /SD_CMD)
  (net 27 /SD_CLK)
  (net 28 /SD_DAT0)
  (net 29 /SD_DET)
  (net 30 /SD_DAT1)
  (net 31 /SPI1_CS_Magnet)
  (net 32 /SPI1_CS_Gyro)
  (net 33 /SPI1_CS_Accel)
  (net 34 /SPI2_MISO)
  (net 35 /SPI2_MOSI)
  (net 36 /SPI2_SCK)
  (net 37 +15V)
  (net 38 +24V)
  (net 39 /ERROR_HB3)
  (net 40 /ERROR_HB2)
  (net 41 /ERROR_HB1)
  (net 42 /accelerator_pedal)
  (net 43 "Net-(R10-Pad2)")
  (net 44 "Net-(R10-Pad1)")
  (net 45 +BATT)
  (net 46 "Net-(R16-Pad1)")
  (net 47 /Motor_U)
  (net 48 "Net-(R33-Pad1)")
  (net 49 /Motor_V)
  (net 50 /Motor_W)
  (net 51 /Motor_temp)
  (net 52 /CAN_STBY)
  (net 53 /CAN_TX)
  (net 54 /CAN_RX)
  (net 55 /SPI2_NSS)
  (net 56 /IGBT_W)
  (net 57 /IGBT_V)
  (net 58 /ENC_B)
  (net 59 -BATT)
  (net 60 +VDC)
  (net 61 /HB_WT)
  (net 62 /PWM_WT)
  (net 63 /HB_VT)
  (net 64 /PWM_VT)
  (net 65 /HB_UT)
  (net 66 /PWM_UT)
  (net 67 /HB_UB)
  (net 68 /PWM_UB)
  (net 69 /HB_WB)
  (net 70 /PWM_WB)
  (net 71 /ENC_B_R)
  (net 72 /IGBT_U)
  (net 73 /VCC_CORE)
  (net 74 /IGBT_OVER_TEMP)
  (net 75 /HB_VB)
  (net 76 /PWM_VB)
  (net 77 /ENC_B_T)
  (net 78 "Net-(L1-Pad2)")
  (net 79 /braking_pedal)
  (net 80 /DBGSPI_MISO)
  (net 81 /DBGSPI_MOSI)
  (net 82 /DBGSPI_SCK)
  (net 83 /DBGSPI_TRG)
  (net 84 /DBGSPI_nSCS)
  (net 85 /FOC_Status)
  (net 86 /ENABLE_INPUTS)
  (net 87 /TMC_CLK)
  (net 88 /IO0)
  (net 89 /IO1)
  (net 90 /IO2)
  (net 91 /IO3)
  (net 92 /IO4)
  (net 93 "Net-(C25-Pad1)")
  (net 94 "Net-(C35-Pad1)")
  (net 95 "Net-(D1-Pad1)")
  (net 96 /TEMP_OUT)
  (net 97 "Net-(R22-Pad1)")
  (net 98 "Net-(R23-Pad2)")
  (net 99 "Net-(R24-Pad1)")
  (net 100 "Net-(R25-Pad2)")
  (net 101 "Net-(R26-Pad1)")
  (net 102 "Net-(R27-Pad2)")
  (net 103 "Net-(R38-Pad1)")
  (net 104 "Net-(R39-Pad2)")
  (net 105 "Net-(R40-Pad1)")
  (net 106 "Net-(R41-Pad2)")
  (net 107 "Net-(R42-Pad1)")
  (net 108 "Net-(R43-Pad2)")
  (net 109 "Net-(R45-Pad2)")
  (net 110 "Net-(R55-Pad1)")
  (net 111 "Net-(R56-Pad2)")
  (net 112 "Net-(R57-Pad1)")
  (net 113 "Net-(R58-Pad2)")
  (net 114 "Net-(R59-Pad1)")
  (net 115 "Net-(R60-Pad2)")
  (net 116 /IGBT_Temp)
  (net 117 "Net-(D2-Pad1)")
  (net 118 "Net-(J13-Pad2)")
  (net 119 "Net-(D3-Pad1)")
  (net 120 /DC+)
  (net 121 /ENC_A_R)
  (net 122 /ENC_A_T)
  (net 123 /ENC_A)
  (net 124 "Net-(D4-Pad1)")
  (net 125 "Net-(D5-Pad1)")
  (net 126 "Net-(D6-Pad1)")
  (net 127 "Net-(D7-Pad1)")
  (net 128 "Net-(D8-Pad1)")
  (net 129 "Net-(C14-Pad1)")
  (net 130 "Net-(C29-Pad1)")
  (net 131 "Net-(C33-Pad1)")
  (net 132 "Net-(C41-Pad1)")
  (net 133 "Net-(C45-Pad1)")
  (net 134 "Net-(C49-Pad1)")
  (net 135 "Net-(C51-Pad1)")
  (net 136 "Net-(C55-Pad1)")
  (net 137 "Net-(R2-Pad2)")
  (net 138 "Net-(R13-Pad2)")
  (net 139 "Net-(R4-Pad2)")
  (net 140 "Net-(R5-Pad1)")
  (net 141 "Net-(R6-Pad2)")
  (net 142 "Net-(R7-Pad1)")
  (net 143 "Net-(R8-Pad2)")
  (net 144 "Net-(R14-Pad2)")
  (net 145 "Net-(R14-Pad1)")
  (net 146 "Net-(R20-Pad1)")
  (net 147 "Net-(R21-Pad2)")
  (net 148 "Net-(R31-Pad2)")
  (net 149 "Net-(R31-Pad1)")
  (net 150 "Net-(R36-Pad1)")
  (net 151 "Net-(R37-Pad2)")
  (net 152 "Net-(R46-Pad2)")
  (net 153 "Net-(R46-Pad1)")
  (net 154 "Net-(R49-Pad1)")
  (net 155 "Net-(R51-Pad2)")
  (net 156 "Net-(R53-Pad1)")
  (net 157 "Net-(R54-Pad2)")
  (net 158 "Net-(R64-Pad2)")
  (net 159 "Net-(R64-Pad1)")
  (net 160 "Net-(R65-Pad2)")
  (net 161 "Net-(R67-Pad1)")
  (net 162 "Net-(R79-Pad2)")
  (net 163 "Net-(C69-Pad1)")
  (net 164 "Net-(C68-Pad1)")
  (net 165 "Net-(J15-Pad1)")
  (net 166 "Net-(R3-Pad1)")
  (net 167 /FOC_reset)

  (net_class Default "This is the default net class."
    (clearance 0.2)
    (trace_width 0.2)
    (via_dia 0.8)
    (via_drill 0.4)
    (uvia_dia 0.3)
    (uvia_drill 0.1)
    (add_net +15V)
    (add_net +3V3)
    (add_net +5V)
    (add_net /CAN_RX)
    (add_net /CAN_STBY)
    (add_net /CAN_TX)
    (add_net /DBGSPI_MISO)
    (add_net /DBGSPI_MOSI)
    (add_net /DBGSPI_SCK)
    (add_net /DBGSPI_TRG)
    (add_net /DBGSPI_nSCS)
    (add_net /DC_Bus_Voltage)
    (add_net /DC_Current)
    (add_net /ENABLE_INPUTS)
    (add_net /ENC_A)
    (add_net /ENC_A_R)
    (add_net /ENC_A_T)
    (add_net /ENC_B)
    (add_net /ENC_B_R)
    (add_net /ENC_B_T)
    (add_net /ERROR_HB1)
    (add_net /ERROR_HB2)
    (add_net /ERROR_HB3)
    (add_net /FOC_Status)
    (add_net /FOC_reset)
    (add_net /HB_UB)
    (add_net /HB_UT)
    (add_net /HB_VB)
    (add_net /HB_VT)
    (add_net /HB_WB)
    (add_net /HB_WT)
    (add_net /HSE_IN)
    (add_net /HSE_OUT)
    (add_net /IGBT_OVER_TEMP)
    (add_net /IGBT_Temp)
    (add_net /IO0)
    (add_net /IO1)
    (add_net /IO2)
    (add_net /IO3)
    (add_net /IO4)
    (add_net /LSE_IN)
    (add_net /LSE_OUT)
    (add_net /Motor_Current_U)
    (add_net /Motor_Current_V)
    (add_net /Motor_Current_W)
    (add_net /Motor_Voltage_U)
    (add_net /Motor_Voltage_V)
    (add_net /Motor_Voltage_W)
    (add_net /Motor_temp)
    (add_net /PWM_UB)
    (add_net /PWM_UT)
    (add_net /PWM_VB)
    (add_net /PWM_VT)
    (add_net /PWM_WB)
    (add_net /PWM_WT)
    (add_net /SD_CLK)
    (add_net /SD_CMD)
    (add_net /SD_DAT0)
    (add_net /SD_DAT1)
    (add_net /SD_DAT2)
    (add_net /SD_DAT3)
    (add_net /SD_DET)
    (add_net /SPI1_CS_Accel)
    (add_net /SPI1_CS_Gyro)
    (add_net /SPI1_CS_Magnet)
    (add_net /SPI2_MISO)
    (add_net /SPI2_MOSI)
    (add_net /SPI2_NSS)
    (add_net /SPI2_SCK)
    (add_net /SWCLK)
    (add_net /SWDIO)
    (add_net /SWO)
    (add_net /TEMP_OUT)
    (add_net /TMC_CLK)
    (add_net /VCAP_1)
    (add_net /VCAP_2)
    (add_net /VCC_CORE)
    (add_net /accelerator_pedal)
    (add_net /braking_pedal)
    (add_net /reset)
    (add_net GND)
    (add_net "Net-(C14-Pad1)")
    (add_net "Net-(C25-Pad1)")
    (add_net "Net-(C29-Pad1)")
    (add_net "Net-(C33-Pad1)")
    (add_net "Net-(C35-Pad1)")
    (add_net "Net-(C41-Pad1)")
    (add_net "Net-(C45-Pad1)")
    (add_net "Net-(C49-Pad1)")
    (add_net "Net-(C51-Pad1)")
    (add_net "Net-(C55-Pad1)")
    (add_net "Net-(C68-Pad1)")
    (add_net "Net-(C69-Pad1)")
    (add_net "Net-(D1-Pad1)")
    (add_net "Net-(D2-Pad1)")
    (add_net "Net-(D3-Pad1)")
    (add_net "Net-(D4-Pad1)")
    (add_net "Net-(D5-Pad1)")
    (add_net "Net-(D6-Pad1)")
    (add_net "Net-(D7-Pad1)")
    (add_net "Net-(D8-Pad1)")
    (add_net "Net-(J1-Pad1)")
    (add_net "Net-(J1-Pad2)")
    (add_net "Net-(J11-Pad12)")
    (add_net "Net-(J11-Pad13)")
    (add_net "Net-(J11-Pad21)")
    (add_net "Net-(J11-Pad22)")
    (add_net "Net-(J11-Pad23)")
    (add_net "Net-(J11-Pad24)")
    (add_net "Net-(J11-Pad25)")
    (add_net "Net-(J11-Pad26)")
    (add_net "Net-(J13-Pad2)")
    (add_net "Net-(J15-Pad1)")
    (add_net "Net-(J3-Pad11)")
    (add_net "Net-(J3-Pad14)")
    (add_net "Net-(J3-Pad16)")
    (add_net "Net-(J3-Pad17)")
    (add_net "Net-(J3-Pad18)")
    (add_net "Net-(J3-Pad19)")
    (add_net "Net-(J3-Pad2)")
    (add_net "Net-(J3-Pad20)")
    (add_net "Net-(J3-Pad3)")
    (add_net "Net-(J3-Pad5)")
    (add_net "Net-(J4-Pad2)")
    (add_net "Net-(L1-Pad2)")
    (add_net "Net-(R10-Pad1)")
    (add_net "Net-(R10-Pad2)")
    (add_net "Net-(R13-Pad2)")
    (add_net "Net-(R14-Pad1)")
    (add_net "Net-(R14-Pad2)")
    (add_net "Net-(R16-Pad1)")
    (add_net "Net-(R2-Pad2)")
    (add_net "Net-(R20-Pad1)")
    (add_net "Net-(R21-Pad2)")
    (add_net "Net-(R22-Pad1)")
    (add_net "Net-(R23-Pad2)")
    (add_net "Net-(R24-Pad1)")
    (add_net "Net-(R25-Pad2)")
    (add_net "Net-(R26-Pad1)")
    (add_net "Net-(R27-Pad2)")
    (add_net "Net-(R3-Pad1)")
    (add_net "Net-(R31-Pad1)")
    (add_net "Net-(R31-Pad2)")
    (add_net "Net-(R33-Pad1)")
    (add_net "Net-(R36-Pad1)")
    (add_net "Net-(R37-Pad2)")
    (add_net "Net-(R38-Pad1)")
    (add_net "Net-(R39-Pad2)")
    (add_net "Net-(R4-Pad2)")
    (add_net "Net-(R40-Pad1)")
    (add_net "Net-(R41-Pad2)")
    (add_net "Net-(R42-Pad1)")
    (add_net "Net-(R43-Pad2)")
    (add_net "Net-(R45-Pad2)")
    (add_net "Net-(R46-Pad1)")
    (add_net "Net-(R46-Pad2)")
    (add_net "Net-(R49-Pad1)")
    (add_net "Net-(R5-Pad1)")
    (add_net "Net-(R51-Pad2)")
    (add_net "Net-(R53-Pad1)")
    (add_net "Net-(R54-Pad2)")
    (add_net "Net-(R55-Pad1)")
    (add_net "Net-(R56-Pad2)")
    (add_net "Net-(R57-Pad1)")
    (add_net "Net-(R58-Pad2)")
    (add_net "Net-(R59-Pad1)")
    (add_net "Net-(R6-Pad2)")
    (add_net "Net-(R60-Pad2)")
    (add_net "Net-(R64-Pad1)")
    (add_net "Net-(R64-Pad2)")
    (add_net "Net-(R65-Pad2)")
    (add_net "Net-(R67-Pad1)")
    (add_net "Net-(R7-Pad1)")
    (add_net "Net-(R79-Pad2)")
    (add_net "Net-(R8-Pad2)")
    (add_net "Net-(U20-Pad5)")
    (add_net "Net-(U21-Pad8)")
    (add_net "Net-(U22-Pad3)")
    (add_net "Net-(U22-Pad6)")
    (add_net "Net-(U6-Pad1)")
    (add_net "Net-(U7-Pad10)")
    (add_net "Net-(U7-Pad11)")
    (add_net "Net-(U7-Pad17)")
    (add_net "Net-(U7-Pad19)")
    (add_net "Net-(U7-Pad20)")
    (add_net "Net-(U7-Pad21)")
    (add_net "Net-(U7-Pad22)")
    (add_net "Net-(U7-Pad26)")
    (add_net "Net-(U7-Pad27)")
    (add_net "Net-(U7-Pad28)")
    (add_net "Net-(U7-Pad30)")
    (add_net "Net-(U7-Pad31)")
    (add_net "Net-(U7-Pad32)")
    (add_net "Net-(U7-Pad33)")
    (add_net "Net-(U7-Pad34)")
    (add_net "Net-(U7-Pad35)")
    (add_net "Net-(U7-Pad36)")
    (add_net "Net-(U7-Pad37)")
    (add_net "Net-(U7-Pad38)")
    (add_net "Net-(U7-Pad48)")
    (add_net "Net-(U7-Pad49)")
    (add_net "Net-(U7-Pad56)")
    (add_net "Net-(U7-Pad57)")
    (add_net "Net-(U7-Pad58)")
    (add_net "Net-(U7-Pad64)")
    (add_net "Net-(U7-Pad65)")
    (add_net "Net-(U7-Pad66)")
    (add_net "Net-(U7-Pad67)")
    (add_net "Net-(U7-Pad68)")
    (add_net "Net-(U7-Pad69)")
    (add_net "Net-(U7-Pad70)")
    (add_net "Net-(U7-Pad71)")
    (add_net "Net-(U7-Pad74)")
    (add_net "Net-(Y2-Pad2)")
    (add_net "Net-(Y2-Pad4)")
  )

  (net_class PWR ""
    (clearance 1)
    (trace_width 20)
    (via_dia 0.8)
    (via_drill 0.4)
    (uvia_dia 0.3)
    (uvia_drill 0.1)
    (add_net +VDC)
    (add_net /DC+)
    (add_net /IGBT_U)
    (add_net /IGBT_V)
    (add_net /IGBT_W)
    (add_net /Motor_U)
    (add_net /Motor_V)
    (add_net /Motor_W)
  )

  (net_class supply ""
    (clearance 0.4)
    (trace_width 0.6)
    (via_dia 0.8)
    (via_drill 0.4)
    (uvia_dia 0.3)
    (uvia_drill 0.1)
    (add_net +24V)
    (add_net +BATT)
    (add_net -BATT)
  )

  (module Resistor_SMD:R_0805_2012Metric (layer F.Cu) (tedit 5B36C52B) (tstamp 5E064FFF)
    (at 29.375 66.85)
    (descr "Resistor SMD 0805 (2012 Metric), square (rectangular) end terminal, IPC_7351 nominal, (Body size source: https://docs.google.com/spreadsheets/d/1BsfQQcO9C6DZCsRaXUlFlo91Tg2WpOkGARC1WS5S8t0/edit?usp=sharing), generated with kicad-footprint-generator")
    (tags resistor)
    (path /5EC12072)
    (attr smd)
    (fp_text reference R29 (at 0 -1.65) (layer F.SilkS)
      (effects (font (size 1 1) (thickness 0.15)))
    )
    (fp_text value R (at 0 1.65) (layer F.Fab)
      (effects (font (size 1 1) (thickness 0.15)))
    )
    (fp_text user %R (at 0 0) (layer F.Fab)
      (effects (font (size 0.5 0.5) (thickness 0.08)))
    )
    (fp_line (start 1.68 0.95) (end -1.68 0.95) (layer F.CrtYd) (width 0.05))
    (fp_line (start 1.68 -0.95) (end 1.68 0.95) (layer F.CrtYd) (width 0.05))
    (fp_line (start -1.68 -0.95) (end 1.68 -0.95) (layer F.CrtYd) (width 0.05))
    (fp_line (start -1.68 0.95) (end -1.68 -0.95) (layer F.CrtYd) (width 0.05))
    (fp_line (start -0.258578 0.71) (end 0.258578 0.71) (layer F.SilkS) (width 0.12))
    (fp_line (start -0.258578 -0.71) (end 0.258578 -0.71) (layer F.SilkS) (width 0.12))
    (fp_line (start 1 0.6) (end -1 0.6) (layer F.Fab) (width 0.1))
    (fp_line (start 1 -0.6) (end 1 0.6) (layer F.Fab) (width 0.1))
    (fp_line (start -1 -0.6) (end 1 -0.6) (layer F.Fab) (width 0.1))
    (fp_line (start -1 0.6) (end -1 -0.6) (layer F.Fab) (width 0.1))
    (pad 2 smd roundrect (at 0.9375 0) (size 0.975 1.4) (layers F.Cu F.Paste F.Mask) (roundrect_rratio 0.25)
      (net 167 /FOC_reset))
    (pad 1 smd roundrect (at -0.9375 0) (size 0.975 1.4) (layers F.Cu F.Paste F.Mask) (roundrect_rratio 0.25)
      (net 2 +3V3))
    (model ${KISYS3DMOD}/Resistor_SMD.3dshapes/R_0805_2012Metric.wrl
      (at (xyz 0 0 0))
      (scale (xyz 1 1 1))
      (rotate (xyz 0 0 0))
    )
  )

  (module MountingHole:MountingHole_5.3mm_M5 (layer F.Cu) (tedit 56D1B4CB) (tstamp 5E057A8C)
    (at 186.325 75)
    (descr "Mounting Hole 5.3mm, no annular, M5")
    (tags "mounting hole 5.3mm no annular m5")
    (path /5E71766F)
    (attr virtual)
    (fp_text reference H4 (at 0 -6.3) (layer F.SilkS)
      (effects (font (size 1 1) (thickness 0.15)))
    )
    (fp_text value MountingHole (at 0 6.3) (layer F.Fab)
      (effects (font (size 1 1) (thickness 0.15)))
    )
    (fp_circle (center 0 0) (end 5.55 0) (layer F.CrtYd) (width 0.05))
    (fp_circle (center 0 0) (end 5.3 0) (layer Cmts.User) (width 0.15))
    (fp_text user %R (at 0.3 0) (layer F.Fab)
      (effects (font (size 1 1) (thickness 0.15)))
    )
    (pad 1 np_thru_hole circle (at 0 0) (size 5.3 5.3) (drill 5.3) (layers *.Cu *.Mask))
  )

  (module MountingHole:MountingHole_5.3mm_M5 (layer F.Cu) (tedit 56D1B4CB) (tstamp 5E059636)
    (at 155.025 136.325)
    (descr "Mounting Hole 5.3mm, no annular, M5")
    (tags "mounting hole 5.3mm no annular m5")
    (path /5E717669)
    (attr virtual)
    (fp_text reference H3 (at 0 -6.3) (layer F.SilkS)
      (effects (font (size 1 1) (thickness 0.15)))
    )
    (fp_text value MountingHole (at 0 6.3) (layer F.Fab)
      (effects (font (size 1 1) (thickness 0.15)))
    )
    (fp_circle (center 0 0) (end 5.55 0) (layer F.CrtYd) (width 0.05))
    (fp_circle (center 0 0) (end 5.3 0) (layer Cmts.User) (width 0.15))
    (fp_text user %R (at 0.3 0) (layer F.Fab)
      (effects (font (size 1 1) (thickness 0.15)))
    )
    (pad 1 np_thru_hole circle (at 0 0) (size 5.3 5.3) (drill 5.3) (layers *.Cu *.Mask))
  )

  (module MountingHole:MountingHole_5.3mm_M5 (layer F.Cu) (tedit 56D1B4CB) (tstamp 5E057A7C)
    (at 33.775 151.925)
    (descr "Mounting Hole 5.3mm, no annular, M5")
    (tags "mounting hole 5.3mm no annular m5")
    (path /5E716833)
    (attr virtual)
    (fp_text reference H2 (at 0 -6.3) (layer F.SilkS)
      (effects (font (size 1 1) (thickness 0.15)))
    )
    (fp_text value MountingHole (at 0 6.3) (layer F.Fab)
      (effects (font (size 1 1) (thickness 0.15)))
    )
    (fp_circle (center 0 0) (end 5.55 0) (layer F.CrtYd) (width 0.05))
    (fp_circle (center 0 0) (end 5.3 0) (layer Cmts.User) (width 0.15))
    (fp_text user %R (at 0.3 0) (layer F.Fab)
      (effects (font (size 1 1) (thickness 0.15)))
    )
    (pad 1 np_thru_hole circle (at 0 0) (size 5.3 5.3) (drill 5.3) (layers *.Cu *.Mask))
  )

  (module MountingHole:MountingHole_5.3mm_M5 (layer F.Cu) (tedit 56D1B4CB) (tstamp 5E057A74)
    (at 33.775 139.775)
    (descr "Mounting Hole 5.3mm, no annular, M5")
    (tags "mounting hole 5.3mm no annular m5")
    (path /5E7167DD)
    (attr virtual)
    (fp_text reference H1 (at 0 -6.3) (layer F.SilkS)
      (effects (font (size 1 1) (thickness 0.15)))
    )
    (fp_text value MountingHole (at 0 6.3) (layer F.Fab)
      (effects (font (size 1 1) (thickness 0.15)))
    )
    (fp_circle (center 0 0) (end 5.55 0) (layer F.CrtYd) (width 0.05))
    (fp_circle (center 0 0) (end 5.3 0) (layer Cmts.User) (width 0.15))
    (fp_text user %R (at 0.3 0) (layer F.Fab)
      (effects (font (size 1 1) (thickness 0.15)))
    )
    (pad 1 np_thru_hole circle (at 0 0) (size 5.3 5.3) (drill 5.3) (layers *.Cu *.Mask))
  )

  (module fiat:Battery (layer F.Cu) (tedit 5DF97392) (tstamp 5DFE598C)
    (at 73.4 130.7 90)
    (path /5E673507)
    (fp_text reference J6 (at 0 0.5 90) (layer F.SilkS)
      (effects (font (size 1 1) (thickness 0.15)))
    )
    (fp_text value Batt_conn (at 0 -0.5 90) (layer F.Fab)
      (effects (font (size 1 1) (thickness 0.15)))
    )
    (pad 1 thru_hole rect (at -1.25 -1.25 90) (size 20 20) (drill 5.3) (layers *.Cu *.Mask)
      (net 120 /DC+) (clearance 3) (zone_connect 0))
    (pad 2 thru_hole rect (at 21.75 -1.25 90) (size 20 20) (drill 5.3) (layers *.Cu *.Mask)
      (net 60 +VDC) (clearance 3))
    (pad 3 thru_hole rect (at 44.75 -1.25 90) (size 20 20) (drill 5.3) (layers *.Cu *.Mask)
      (net 1 GND) (clearance 3))
  )

  (module Resistor_SMD:R_0805_2012Metric (layer B.Cu) (tedit 5B36C52B) (tstamp 5E037C27)
    (at 108.2 109.7)
    (descr "Resistor SMD 0805 (2012 Metric), square (rectangular) end terminal, IPC_7351 nominal, (Body size source: https://docs.google.com/spreadsheets/d/1BsfQQcO9C6DZCsRaXUlFlo91Tg2WpOkGARC1WS5S8t0/edit?usp=sharing), generated with kicad-footprint-generator")
    (tags resistor)
    (path /5DD39ABE)
    (attr smd)
    (fp_text reference R1 (at 0 1.65) (layer B.SilkS)
      (effects (font (size 1 1) (thickness 0.15)) (justify mirror))
    )
    (fp_text value 20k (at 0 -1.65) (layer B.Fab)
      (effects (font (size 1 1) (thickness 0.15)) (justify mirror))
    )
    (fp_text user %R (at 0 0) (layer B.Fab)
      (effects (font (size 0.5 0.5) (thickness 0.08)) (justify mirror))
    )
    (fp_line (start 1.68 -0.95) (end -1.68 -0.95) (layer B.CrtYd) (width 0.05))
    (fp_line (start 1.68 0.95) (end 1.68 -0.95) (layer B.CrtYd) (width 0.05))
    (fp_line (start -1.68 0.95) (end 1.68 0.95) (layer B.CrtYd) (width 0.05))
    (fp_line (start -1.68 -0.95) (end -1.68 0.95) (layer B.CrtYd) (width 0.05))
    (fp_line (start -0.258578 -0.71) (end 0.258578 -0.71) (layer B.SilkS) (width 0.12))
    (fp_line (start -0.258578 0.71) (end 0.258578 0.71) (layer B.SilkS) (width 0.12))
    (fp_line (start 1 -0.6) (end -1 -0.6) (layer B.Fab) (width 0.1))
    (fp_line (start 1 0.6) (end 1 -0.6) (layer B.Fab) (width 0.1))
    (fp_line (start -1 0.6) (end 1 0.6) (layer B.Fab) (width 0.1))
    (fp_line (start -1 -0.6) (end -1 0.6) (layer B.Fab) (width 0.1))
    (pad 2 smd roundrect (at 0.9375 0) (size 0.975 1.4) (layers B.Cu B.Paste B.Mask) (roundrect_rratio 0.25)
      (net 7 /DC_Bus_Voltage))
    (pad 1 smd roundrect (at -0.9375 0) (size 0.975 1.4) (layers B.Cu B.Paste B.Mask) (roundrect_rratio 0.25)
      (net 129 "Net-(C14-Pad1)"))
    (model ${KISYS3DMOD}/Resistor_SMD.3dshapes/R_0805_2012Metric.wrl
      (at (xyz 0 0 0))
      (scale (xyz 1 1 1))
      (rotate (xyz 0 0 0))
    )
  )

  (module Capacitor_SMD:C_0805_2012Metric (layer F.Cu) (tedit 5B36C52B) (tstamp 5E037BEE)
    (at 108.1 110.7 180)
    (descr "Capacitor SMD 0805 (2012 Metric), square (rectangular) end terminal, IPC_7351 nominal, (Body size source: https://docs.google.com/spreadsheets/d/1BsfQQcO9C6DZCsRaXUlFlo91Tg2WpOkGARC1WS5S8t0/edit?usp=sharing), generated with kicad-footprint-generator")
    (tags capacitor)
    (path /5E2F2F54)
    (attr smd)
    (fp_text reference C17 (at 0 -1.65) (layer F.SilkS)
      (effects (font (size 1 1) (thickness 0.15)))
    )
    (fp_text value 100n (at 0 1.65) (layer F.Fab)
      (effects (font (size 1 1) (thickness 0.15)))
    )
    (fp_text user %R (at 0 0) (layer F.Fab)
      (effects (font (size 0.5 0.5) (thickness 0.08)))
    )
    (fp_line (start 1.68 0.95) (end -1.68 0.95) (layer F.CrtYd) (width 0.05))
    (fp_line (start 1.68 -0.95) (end 1.68 0.95) (layer F.CrtYd) (width 0.05))
    (fp_line (start -1.68 -0.95) (end 1.68 -0.95) (layer F.CrtYd) (width 0.05))
    (fp_line (start -1.68 0.95) (end -1.68 -0.95) (layer F.CrtYd) (width 0.05))
    (fp_line (start -0.258578 0.71) (end 0.258578 0.71) (layer F.SilkS) (width 0.12))
    (fp_line (start -0.258578 -0.71) (end 0.258578 -0.71) (layer F.SilkS) (width 0.12))
    (fp_line (start 1 0.6) (end -1 0.6) (layer F.Fab) (width 0.1))
    (fp_line (start 1 -0.6) (end 1 0.6) (layer F.Fab) (width 0.1))
    (fp_line (start -1 -0.6) (end 1 -0.6) (layer F.Fab) (width 0.1))
    (fp_line (start -1 0.6) (end -1 -0.6) (layer F.Fab) (width 0.1))
    (pad 2 smd roundrect (at 0.9375 0 180) (size 0.975 1.4) (layers F.Cu F.Paste F.Mask) (roundrect_rratio 0.25)
      (net 1 GND))
    (pad 1 smd roundrect (at -0.9375 0 180) (size 0.975 1.4) (layers F.Cu F.Paste F.Mask) (roundrect_rratio 0.25)
      (net 2 +3V3))
    (model ${KISYS3DMOD}/Capacitor_SMD.3dshapes/C_0805_2012Metric.wrl
      (at (xyz 0 0 0))
      (scale (xyz 1 1 1))
      (rotate (xyz 0 0 0))
    )
  )

  (module Package_TO_SOT_SMD:SOT-23-5 (layer F.Cu) (tedit 5A02FF57) (tstamp 5E037BB6)
    (at 108.2 107.7 270)
    (descr "5-pin SOT23 package")
    (tags SOT-23-5)
    (path /5DF3AEA9)
    (attr smd)
    (fp_text reference U3 (at 0 -2.9 90) (layer F.SilkS)
      (effects (font (size 1 1) (thickness 0.15)))
    )
    (fp_text value OPA356xxDBV (at 0 2.9 90) (layer F.Fab)
      (effects (font (size 1 1) (thickness 0.15)))
    )
    (fp_line (start 0.9 -1.55) (end 0.9 1.55) (layer F.Fab) (width 0.1))
    (fp_line (start 0.9 1.55) (end -0.9 1.55) (layer F.Fab) (width 0.1))
    (fp_line (start -0.9 -0.9) (end -0.9 1.55) (layer F.Fab) (width 0.1))
    (fp_line (start 0.9 -1.55) (end -0.25 -1.55) (layer F.Fab) (width 0.1))
    (fp_line (start -0.9 -0.9) (end -0.25 -1.55) (layer F.Fab) (width 0.1))
    (fp_line (start -1.9 1.8) (end -1.9 -1.8) (layer F.CrtYd) (width 0.05))
    (fp_line (start 1.9 1.8) (end -1.9 1.8) (layer F.CrtYd) (width 0.05))
    (fp_line (start 1.9 -1.8) (end 1.9 1.8) (layer F.CrtYd) (width 0.05))
    (fp_line (start -1.9 -1.8) (end 1.9 -1.8) (layer F.CrtYd) (width 0.05))
    (fp_line (start 0.9 -1.61) (end -1.55 -1.61) (layer F.SilkS) (width 0.12))
    (fp_line (start -0.9 1.61) (end 0.9 1.61) (layer F.SilkS) (width 0.12))
    (fp_text user %R (at 0 0) (layer F.Fab)
      (effects (font (size 0.5 0.5) (thickness 0.075)))
    )
    (pad 5 smd rect (at 1.1 -0.95 270) (size 1.06 0.65) (layers F.Cu F.Paste F.Mask)
      (net 2 +3V3))
    (pad 4 smd rect (at 1.1 0.95 270) (size 1.06 0.65) (layers F.Cu F.Paste F.Mask)
      (net 129 "Net-(C14-Pad1)"))
    (pad 3 smd rect (at -1.1 0.95 270) (size 1.06 0.65) (layers F.Cu F.Paste F.Mask)
      (net 145 "Net-(R14-Pad1)"))
    (pad 2 smd rect (at -1.1 0 270) (size 1.06 0.65) (layers F.Cu F.Paste F.Mask)
      (net 1 GND))
    (pad 1 smd rect (at -1.1 -0.95 270) (size 1.06 0.65) (layers F.Cu F.Paste F.Mask)
      (net 7 /DC_Bus_Voltage))
    (model ${KISYS3DMOD}/Package_TO_SOT_SMD.3dshapes/SOT-23-5.wrl
      (at (xyz 0 0 0))
      (scale (xyz 1 1 1))
      (rotate (xyz 0 0 0))
    )
  )

  (module Package_SO:SSO-8_6.8x5.9mm_P1.27mm_Clearance8mm (layer F.Cu) (tedit 5A02F2D3) (tstamp 5E037B6A)
    (at 103.1 106.6 270)
    (descr "8-Lead Plastic Stretched Small Outline (SSO/Stretched SO), see https://docs.broadcom.com/cs/Satellite?blobcol=urldata&blobheader=application%2Fpdf&blobheadername1=Content-Disposition&blobheadername2=Content-Type&blobheadername3=MDT-Type&blobheadervalue1=attachment%3Bfilename%3DIPD-Selection-Guide_AV00-0254EN_030617.pdf&blobheadervalue2=application%2Fx-download&blobheadervalue3=abinary%253B%2Bcharset%253DUTF-8&blobkey=id&blobnocache=true&blobtable=MungoBlobs&blobwhere=1430884105675&ssbinary=true")
    (tags "SSO Stretched SO SOIC Pitch 1.27")
    (path /5DCED4E3)
    (attr smd)
    (fp_text reference U2 (at -0.4 0 180) (layer F.SilkS)
      (effects (font (size 1 1) (thickness 0.15)))
    )
    (fp_text value ACPL-C87A (at 0 4.1 90) (layer F.Fab)
      (effects (font (size 1 1) (thickness 0.15)))
    )
    (fp_line (start 6.55 3.2) (end -6.55 3.2) (layer F.CrtYd) (width 0.05))
    (fp_line (start 6.55 3.2) (end 6.55 -3.2) (layer F.CrtYd) (width 0.05))
    (fp_line (start -6.55 -3.2) (end -6.55 3.2) (layer F.CrtYd) (width 0.05))
    (fp_line (start -6.55 -3.2) (end 6.55 -3.2) (layer F.CrtYd) (width 0.05))
    (fp_line (start -3.4 -1.85) (end -3.4 2.95) (layer F.Fab) (width 0.12))
    (fp_line (start -2.3 -2.95) (end -3.4 -1.85) (layer F.Fab) (width 0.12))
    (fp_line (start 3.4 -2.95) (end -2.3 -2.95) (layer F.Fab) (width 0.12))
    (fp_line (start 3.4 2.95) (end 3.4 -2.95) (layer F.Fab) (width 0.12))
    (fp_line (start -3.4 2.95) (end 3.4 2.95) (layer F.Fab) (width 0.12))
    (fp_line (start -3.55 -2.45) (end -6.25 -2.45) (layer F.SilkS) (width 0.12))
    (fp_line (start -3.55 -3.1) (end -3.55 -2.45) (layer F.SilkS) (width 0.12))
    (fp_line (start 3.5 -3.1) (end -3.55 -3.1) (layer F.SilkS) (width 0.12))
    (fp_line (start 3.5 -2.35) (end 3.5 -3.1) (layer F.SilkS) (width 0.12))
    (fp_line (start 3.5 3.1) (end 3.5 2.35) (layer F.SilkS) (width 0.12))
    (fp_line (start -3.55 3.1) (end 3.5 3.1) (layer F.SilkS) (width 0.12))
    (fp_line (start -3.55 2.4) (end -3.55 3.1) (layer F.SilkS) (width 0.12))
    (fp_text user %R (at 0 0 90) (layer F.Fab)
      (effects (font (size 1 1) (thickness 0.15)))
    )
    (pad 8 smd rect (at 5.3475 -1.905 270) (size 1.905 0.64) (layers F.Cu F.Paste F.Mask)
      (net 2 +3V3))
    (pad 7 smd rect (at 5.3475 -0.635 270) (size 1.905 0.64) (layers F.Cu F.Paste F.Mask)
      (net 144 "Net-(R14-Pad2)"))
    (pad 6 smd rect (at 5.3475 0.635 270) (size 1.905 0.64) (layers F.Cu F.Paste F.Mask)
      (net 46 "Net-(R16-Pad1)"))
    (pad 5 smd rect (at 5.3475 1.905 270) (size 1.905 0.64) (layers F.Cu F.Paste F.Mask)
      (net 1 GND))
    (pad 4 smd rect (at -5.3475 1.905 270) (size 1.905 0.64) (layers F.Cu F.Paste F.Mask)
      (net 1 GND))
    (pad 3 smd rect (at -5.3475 0.635 270) (size 1.905 0.64) (layers F.Cu F.Paste F.Mask)
      (net 1 GND))
    (pad 2 smd rect (at -5.3475 -0.635 270) (size 1.905 0.64) (layers F.Cu F.Paste F.Mask)
      (net 93 "Net-(C25-Pad1)"))
    (pad 1 smd rect (at -5.3475 -1.905 270) (size 1.905 0.64) (layers F.Cu F.Paste F.Mask)
      (net 8 +5V))
    (model ${KISYS3DMOD}/Package_SO.3dshapes/SSO-8_6.8x5.9mm_P1.27mm_Clearance8mm.wrl
      (at (xyz 0 0 0))
      (scale (xyz 1 1 1))
      (rotate (xyz 0 0 0))
    )
  )

  (module Resistor_SMD:R_0805_2012Metric (layer B.Cu) (tedit 5B36C52B) (tstamp 5E037B2E)
    (at 102.5 105.6 180)
    (descr "Resistor SMD 0805 (2012 Metric), square (rectangular) end terminal, IPC_7351 nominal, (Body size source: https://docs.google.com/spreadsheets/d/1BsfQQcO9C6DZCsRaXUlFlo91Tg2WpOkGARC1WS5S8t0/edit?usp=sharing), generated with kicad-footprint-generator")
    (tags resistor)
    (path /5DD01CA7)
    (attr smd)
    (fp_text reference R17 (at 0 1.65) (layer B.SilkS)
      (effects (font (size 1 1) (thickness 0.15)) (justify mirror))
    )
    (fp_text value 20k (at 0 -1.65) (layer B.Fab)
      (effects (font (size 1 1) (thickness 0.15)) (justify mirror))
    )
    (fp_line (start -1 -0.6) (end -1 0.6) (layer B.Fab) (width 0.1))
    (fp_line (start -1 0.6) (end 1 0.6) (layer B.Fab) (width 0.1))
    (fp_line (start 1 0.6) (end 1 -0.6) (layer B.Fab) (width 0.1))
    (fp_line (start 1 -0.6) (end -1 -0.6) (layer B.Fab) (width 0.1))
    (fp_line (start -0.258578 0.71) (end 0.258578 0.71) (layer B.SilkS) (width 0.12))
    (fp_line (start -0.258578 -0.71) (end 0.258578 -0.71) (layer B.SilkS) (width 0.12))
    (fp_line (start -1.68 -0.95) (end -1.68 0.95) (layer B.CrtYd) (width 0.05))
    (fp_line (start -1.68 0.95) (end 1.68 0.95) (layer B.CrtYd) (width 0.05))
    (fp_line (start 1.68 0.95) (end 1.68 -0.95) (layer B.CrtYd) (width 0.05))
    (fp_line (start 1.68 -0.95) (end -1.68 -0.95) (layer B.CrtYd) (width 0.05))
    (fp_text user %R (at 0 0) (layer B.Fab)
      (effects (font (size 0.5 0.5) (thickness 0.08)) (justify mirror))
    )
    (pad 1 smd roundrect (at -0.9375 0 180) (size 0.975 1.4) (layers B.Cu B.Paste B.Mask) (roundrect_rratio 0.25)
      (net 129 "Net-(C14-Pad1)"))
    (pad 2 smd roundrect (at 0.9375 0 180) (size 0.975 1.4) (layers B.Cu B.Paste B.Mask) (roundrect_rratio 0.25)
      (net 1 GND))
    (model ${KISYS3DMOD}/Resistor_SMD.3dshapes/R_0805_2012Metric.wrl
      (at (xyz 0 0 0))
      (scale (xyz 1 1 1))
      (rotate (xyz 0 0 0))
    )
  )

  (module Resistor_SMD:R_0805_2012Metric (layer B.Cu) (tedit 5B36C52B) (tstamp 5E037AFE)
    (at 102.5 109.6)
    (descr "Resistor SMD 0805 (2012 Metric), square (rectangular) end terminal, IPC_7351 nominal, (Body size source: https://docs.google.com/spreadsheets/d/1BsfQQcO9C6DZCsRaXUlFlo91Tg2WpOkGARC1WS5S8t0/edit?usp=sharing), generated with kicad-footprint-generator")
    (tags resistor)
    (path /5DD238DA)
    (attr smd)
    (fp_text reference R16 (at 0 1.65) (layer B.SilkS)
      (effects (font (size 1 1) (thickness 0.15)) (justify mirror))
    )
    (fp_text value 20k (at 0 -1.65) (layer B.Fab)
      (effects (font (size 1 1) (thickness 0.15)) (justify mirror))
    )
    (fp_text user %R (at 0 0) (layer B.Fab)
      (effects (font (size 0.5 0.5) (thickness 0.08)) (justify mirror))
    )
    (fp_line (start 1.68 -0.95) (end -1.68 -0.95) (layer B.CrtYd) (width 0.05))
    (fp_line (start 1.68 0.95) (end 1.68 -0.95) (layer B.CrtYd) (width 0.05))
    (fp_line (start -1.68 0.95) (end 1.68 0.95) (layer B.CrtYd) (width 0.05))
    (fp_line (start -1.68 -0.95) (end -1.68 0.95) (layer B.CrtYd) (width 0.05))
    (fp_line (start -0.258578 -0.71) (end 0.258578 -0.71) (layer B.SilkS) (width 0.12))
    (fp_line (start -0.258578 0.71) (end 0.258578 0.71) (layer B.SilkS) (width 0.12))
    (fp_line (start 1 -0.6) (end -1 -0.6) (layer B.Fab) (width 0.1))
    (fp_line (start 1 0.6) (end 1 -0.6) (layer B.Fab) (width 0.1))
    (fp_line (start -1 0.6) (end 1 0.6) (layer B.Fab) (width 0.1))
    (fp_line (start -1 -0.6) (end -1 0.6) (layer B.Fab) (width 0.1))
    (pad 2 smd roundrect (at 0.9375 0) (size 0.975 1.4) (layers B.Cu B.Paste B.Mask) (roundrect_rratio 0.25)
      (net 129 "Net-(C14-Pad1)"))
    (pad 1 smd roundrect (at -0.9375 0) (size 0.975 1.4) (layers B.Cu B.Paste B.Mask) (roundrect_rratio 0.25)
      (net 46 "Net-(R16-Pad1)"))
    (model ${KISYS3DMOD}/Resistor_SMD.3dshapes/R_0805_2012Metric.wrl
      (at (xyz 0 0 0))
      (scale (xyz 1 1 1))
      (rotate (xyz 0 0 0))
    )
  )

  (module Resistor_SMD:R_0805_2012Metric (layer B.Cu) (tedit 5B36C52B) (tstamp 5E037ACE)
    (at 96.2 100.2 180)
    (descr "Resistor SMD 0805 (2012 Metric), square (rectangular) end terminal, IPC_7351 nominal, (Body size source: https://docs.google.com/spreadsheets/d/1BsfQQcO9C6DZCsRaXUlFlo91Tg2WpOkGARC1WS5S8t0/edit?usp=sharing), generated with kicad-footprint-generator")
    (tags resistor)
    (path /5DCF3C49)
    (attr smd)
    (fp_text reference R15 (at 3.3 0) (layer B.SilkS)
      (effects (font (size 1 1) (thickness 0.15)) (justify mirror))
    )
    (fp_text value 2k (at 0 -1.65) (layer B.Fab)
      (effects (font (size 1 1) (thickness 0.15)) (justify mirror))
    )
    (fp_text user %R (at 0 0) (layer B.Fab)
      (effects (font (size 0.5 0.5) (thickness 0.08)) (justify mirror))
    )
    (fp_line (start 1.68 -0.95) (end -1.68 -0.95) (layer B.CrtYd) (width 0.05))
    (fp_line (start 1.68 0.95) (end 1.68 -0.95) (layer B.CrtYd) (width 0.05))
    (fp_line (start -1.68 0.95) (end 1.68 0.95) (layer B.CrtYd) (width 0.05))
    (fp_line (start -1.68 -0.95) (end -1.68 0.95) (layer B.CrtYd) (width 0.05))
    (fp_line (start -0.258578 -0.71) (end 0.258578 -0.71) (layer B.SilkS) (width 0.12))
    (fp_line (start -0.258578 0.71) (end 0.258578 0.71) (layer B.SilkS) (width 0.12))
    (fp_line (start 1 -0.6) (end -1 -0.6) (layer B.Fab) (width 0.1))
    (fp_line (start 1 0.6) (end 1 -0.6) (layer B.Fab) (width 0.1))
    (fp_line (start -1 0.6) (end 1 0.6) (layer B.Fab) (width 0.1))
    (fp_line (start -1 -0.6) (end -1 0.6) (layer B.Fab) (width 0.1))
    (pad 2 smd roundrect (at 0.9375 0 180) (size 0.975 1.4) (layers B.Cu B.Paste B.Mask) (roundrect_rratio 0.25)
      (net 1 GND))
    (pad 1 smd roundrect (at -0.9375 0 180) (size 0.975 1.4) (layers B.Cu B.Paste B.Mask) (roundrect_rratio 0.25)
      (net 138 "Net-(R13-Pad2)"))
    (model ${KISYS3DMOD}/Resistor_SMD.3dshapes/R_0805_2012Metric.wrl
      (at (xyz 0 0 0))
      (scale (xyz 1 1 1))
      (rotate (xyz 0 0 0))
    )
  )

  (module Resistor_SMD:R_0805_2012Metric (layer B.Cu) (tedit 5B36C52B) (tstamp 5E037A9E)
    (at 102.5 107.6 180)
    (descr "Resistor SMD 0805 (2012 Metric), square (rectangular) end terminal, IPC_7351 nominal, (Body size source: https://docs.google.com/spreadsheets/d/1BsfQQcO9C6DZCsRaXUlFlo91Tg2WpOkGARC1WS5S8t0/edit?usp=sharing), generated with kicad-footprint-generator")
    (tags resistor)
    (path /5DD229E3)
    (attr smd)
    (fp_text reference R14 (at 0 1.65) (layer B.SilkS)
      (effects (font (size 1 1) (thickness 0.15)) (justify mirror))
    )
    (fp_text value 20k (at 0 -1.65) (layer B.Fab)
      (effects (font (size 1 1) (thickness 0.15)) (justify mirror))
    )
    (fp_text user %R (at 0 0) (layer B.Fab)
      (effects (font (size 0.5 0.5) (thickness 0.08)) (justify mirror))
    )
    (fp_line (start 1.68 -0.95) (end -1.68 -0.95) (layer B.CrtYd) (width 0.05))
    (fp_line (start 1.68 0.95) (end 1.68 -0.95) (layer B.CrtYd) (width 0.05))
    (fp_line (start -1.68 0.95) (end 1.68 0.95) (layer B.CrtYd) (width 0.05))
    (fp_line (start -1.68 -0.95) (end -1.68 0.95) (layer B.CrtYd) (width 0.05))
    (fp_line (start -0.258578 -0.71) (end 0.258578 -0.71) (layer B.SilkS) (width 0.12))
    (fp_line (start -0.258578 0.71) (end 0.258578 0.71) (layer B.SilkS) (width 0.12))
    (fp_line (start 1 -0.6) (end -1 -0.6) (layer B.Fab) (width 0.1))
    (fp_line (start 1 0.6) (end 1 -0.6) (layer B.Fab) (width 0.1))
    (fp_line (start -1 0.6) (end 1 0.6) (layer B.Fab) (width 0.1))
    (fp_line (start -1 -0.6) (end -1 0.6) (layer B.Fab) (width 0.1))
    (pad 2 smd roundrect (at 0.9375 0 180) (size 0.975 1.4) (layers B.Cu B.Paste B.Mask) (roundrect_rratio 0.25)
      (net 144 "Net-(R14-Pad2)"))
    (pad 1 smd roundrect (at -0.9375 0 180) (size 0.975 1.4) (layers B.Cu B.Paste B.Mask) (roundrect_rratio 0.25)
      (net 145 "Net-(R14-Pad1)"))
    (model ${KISYS3DMOD}/Resistor_SMD.3dshapes/R_0805_2012Metric.wrl
      (at (xyz 0 0 0))
      (scale (xyz 1 1 1))
      (rotate (xyz 0 0 0))
    )
  )

  (module Resistor_SMD:R_0805_2012Metric (layer B.Cu) (tedit 5B36C52B) (tstamp 5E037A6E)
    (at 98.1 102.2 180)
    (descr "Resistor SMD 0805 (2012 Metric), square (rectangular) end terminal, IPC_7351 nominal, (Body size source: https://docs.google.com/spreadsheets/d/1BsfQQcO9C6DZCsRaXUlFlo91Tg2WpOkGARC1WS5S8t0/edit?usp=sharing), generated with kicad-footprint-generator")
    (tags resistor)
    (path /5DCF818A)
    (attr smd)
    (fp_text reference R13 (at 3.3 0) (layer B.SilkS)
      (effects (font (size 1 1) (thickness 0.15)) (justify mirror))
    )
    (fp_text value 39 (at 0 -1.65) (layer B.Fab)
      (effects (font (size 1 1) (thickness 0.15)) (justify mirror))
    )
    (fp_text user %R (at 0 0) (layer B.Fab)
      (effects (font (size 0.5 0.5) (thickness 0.08)) (justify mirror))
    )
    (fp_line (start 1.68 -0.95) (end -1.68 -0.95) (layer B.CrtYd) (width 0.05))
    (fp_line (start 1.68 0.95) (end 1.68 -0.95) (layer B.CrtYd) (width 0.05))
    (fp_line (start -1.68 0.95) (end 1.68 0.95) (layer B.CrtYd) (width 0.05))
    (fp_line (start -1.68 -0.95) (end -1.68 0.95) (layer B.CrtYd) (width 0.05))
    (fp_line (start -0.258578 -0.71) (end 0.258578 -0.71) (layer B.SilkS) (width 0.12))
    (fp_line (start -0.258578 0.71) (end 0.258578 0.71) (layer B.SilkS) (width 0.12))
    (fp_line (start 1 -0.6) (end -1 -0.6) (layer B.Fab) (width 0.1))
    (fp_line (start 1 0.6) (end 1 -0.6) (layer B.Fab) (width 0.1))
    (fp_line (start -1 0.6) (end 1 0.6) (layer B.Fab) (width 0.1))
    (fp_line (start -1 -0.6) (end -1 0.6) (layer B.Fab) (width 0.1))
    (pad 2 smd roundrect (at 0.9375 0 180) (size 0.975 1.4) (layers B.Cu B.Paste B.Mask) (roundrect_rratio 0.25)
      (net 138 "Net-(R13-Pad2)"))
    (pad 1 smd roundrect (at -0.9375 0 180) (size 0.975 1.4) (layers B.Cu B.Paste B.Mask) (roundrect_rratio 0.25)
      (net 93 "Net-(C25-Pad1)"))
    (model ${KISYS3DMOD}/Resistor_SMD.3dshapes/R_0805_2012Metric.wrl
      (at (xyz 0 0 0))
      (scale (xyz 1 1 1))
      (rotate (xyz 0 0 0))
    )
  )

  (module Resistor_SMD:R_0805_2012Metric (layer F.Cu) (tedit 5DF96843) (tstamp 5E037A3E)
    (at 98.1 112.2)
    (descr "Resistor SMD 0805 (2012 Metric), square (rectangular) end terminal, IPC_7351 nominal, (Body size source: https://docs.google.com/spreadsheets/d/1BsfQQcO9C6DZCsRaXUlFlo91Tg2WpOkGARC1WS5S8t0/edit?usp=sharing), generated with kicad-footprint-generator")
    (tags resistor)
    (path /5E1F583D)
    (attr smd)
    (fp_text reference R11 (at -3.2 0) (layer F.SilkS)
      (effects (font (size 1 1) (thickness 0.15)))
    )
    (fp_text value 30k (at 0 1.65) (layer F.Fab)
      (effects (font (size 1 1) (thickness 0.15)))
    )
    (fp_line (start -1 0.6) (end -1 -0.6) (layer F.Fab) (width 0.1))
    (fp_line (start -1 -0.6) (end 1 -0.6) (layer F.Fab) (width 0.1))
    (fp_line (start 1 -0.6) (end 1 0.6) (layer F.Fab) (width 0.1))
    (fp_line (start 1 0.6) (end -1 0.6) (layer F.Fab) (width 0.1))
    (fp_line (start -0.258578 -0.71) (end 0.258578 -0.71) (layer F.SilkS) (width 0.12))
    (fp_line (start -0.258578 0.71) (end 0.258578 0.71) (layer F.SilkS) (width 0.12))
    (fp_line (start -1.68 0.95) (end -1.68 -0.95) (layer F.CrtYd) (width 0.05))
    (fp_line (start -1.68 -0.95) (end 1.68 -0.95) (layer F.CrtYd) (width 0.05))
    (fp_line (start 1.68 -0.95) (end 1.68 0.95) (layer F.CrtYd) (width 0.05))
    (fp_line (start 1.68 0.95) (end -1.68 0.95) (layer F.CrtYd) (width 0.05))
    (fp_text user %R (at 0 0) (layer F.Fab)
      (effects (font (size 0.5 0.5) (thickness 0.08)))
    )
    (pad 1 smd roundrect (at -0.9375 0) (size 0.975 1.4) (layers F.Cu F.Paste F.Mask) (roundrect_rratio 0.25)
