(kicad_pcb (version 20171130) (host pcbnew 5.1.5-1.fc31)

  (general
    (thickness 1.6)
    (drawings 8)
    (tracks 1685)
    (zones 0)
    (modules 232)
    (nets 232)
  )

  (page A4)
  (title_block
    (title "Motor Controller")
    (date 2019-12-28)
    (rev 1.0.0)
  )

  (layers
    (0 F.Cu signal)
    (31 B.Cu signal)
    (32 B.Adhes user)
    (33 F.Adhes user)
    (34 B.Paste user)
    (35 F.Paste user)
    (36 B.SilkS user)
    (37 F.SilkS user)
    (38 B.Mask user)
    (39 F.Mask user)
    (40 Dwgs.User user)
    (41 Cmts.User user)
    (42 Eco1.User user)
    (43 Eco2.User user)
    (44 Edge.Cuts user)
    (45 Margin user)
    (46 B.CrtYd user)
    (47 F.CrtYd user)
    (48 B.Fab user)
    (49 F.Fab user)
  )

  (setup
    (last_trace_width 0.2)
    (trace_clearance 0.15)
    (zone_clearance 0.128)
    (zone_45_only no)
    (trace_min 0.2)
    (via_size 0.6)
    (via_drill 0.3)
    (via_min_size 0.4)
    (via_min_drill 0.3)
    (uvia_size 0.3)
    (uvia_drill 0.1)
    (uvias_allowed no)
    (uvia_min_size 0.2)
    (uvia_min_drill 0.1)
    (edge_width 0.1)
    (segment_width 0.2)
    (pcb_text_width 0.3)
    (pcb_text_size 1.5 1.5)
    (mod_edge_width 0.15)
    (mod_text_size 1 1)
    (mod_text_width 0.15)
    (pad_size 0.975 1.4)
    (pad_drill 0)
    (pad_to_mask_clearance 0)
    (aux_axis_origin 0 0)
    (visible_elements FFFFFF7F)
    (pcbplotparams
      (layerselection 0x010fc_ffffffff)
      (usegerberextensions false)
      (usegerberattributes false)
      (usegerberadvancedattributes false)
      (creategerberjobfile false)
      (excludeedgelayer true)
      (linewidth 0.100000)
      (plotframeref false)
      (viasonmask false)
      (mode 1)
      (useauxorigin false)
      (hpglpennumber 1)
      (hpglpenspeed 20)
      (hpglpendiameter 15.000000)
      (psnegative false)
      (psa4output false)
      (plotreference true)
      (plotvalue true)
      (plotinvisibletext false)
      (padsonsilk false)
      (subtractmaskfromsilk false)
      (outputformat 1)
      (mirror false)
      (drillshape 0)
      (scaleselection 1)
      (outputdirectory "gbr/"))
  )

  (net 0 "")
  (net 1 GND)
  (net 2 +3V3)
  (net 3 /VCAP_1)
  (net 4 /VCAP_2)
  (net 5 /LSE_IN)
  (net 6 /LSE_OUT)
  (net 7 /DC_Bus_Voltage)
  (net 8 +5V)
  (net 9 /HSE_IN)
  (net 10 /HSE_OUT)
  (net 11 /Motor_Voltage_U)
  (net 12 /DC_Current)
  (net 13 /Motor_Voltage_V)
  (net 14 /Motor_Current_U)
  (net 15 /Motor_Voltage_W)
  (net 16 /Motor_Current_V)
  (net 17 /Motor_Current_W)
  (net 18 /reset)
  (net 19 /SWO)
  (net 20 /SWCLK)
  (net 21 /SWDIO)
  (net 22 /SD_DAT2)
  (net 23 /SD_DAT3)
  (net 24 /SD_CMD)
  (net 25 /SD_CLK)
  (net 26 /SD_DAT0)
  (net 27 /SD_DET)
  (net 28 /SD_DAT1)
  (net 29 +15V)
  (net 30 +24V)
  (net 31 /accelerator_pedal)
  (net 32 "Net-(R10-Pad2)")
  (net 33 "Net-(R10-Pad1)")
  (net 34 +BATT)
  (net 35 /Motor_U)
  (net 36 /Motor_V)
  (net 37 /Motor_W)
  (net 38 /Motor_temp)
  (net 39 /CAN_STBY)
  (net 40 /CAN_TX)
  (net 41 /CAN_RX)
  (net 42 /IGBT_W)
  (net 43 /IGBT_V)
  (net 44 /ENC_B)
  (net 45 -BATT)
  (net 46 +VDC)
  (net 47 /HB_WT)
  (net 48 /PWM_WT)
  (net 49 /HB_VT)
  (net 50 /PWM_VT)
  (net 51 /HB_UT)
  (net 52 /PWM_UT)
  (net 53 /HB_UB)
  (net 54 /PWM_UB)
  (net 55 /HB_WB)
  (net 56 /PWM_WB)
  (net 57 /ENC_B_R)
  (net 58 /IGBT_U)
  (net 59 /HB_VB)
  (net 60 /PWM_VB)
  (net 61 /ENC_B_T)
  (net 62 "Net-(L1-Pad2)")
  (net 63 /braking_pedal)
  (net 64 /DBGSPI_MISO)
  (net 65 /DBGSPI_MOSI)
  (net 66 /DBGSPI_SCK)
  (net 67 /DBGSPI_TRG)
  (net 68 /DBGSPI_nSCS)
  (net 69 /ENABLE_INPUTS)
  (net 70 /TMC_CLK)
  (net 71 /TEMP_OUT)
  (net 72 /IGBT_Temp)
  (net 73 /DC+)
  (net 74 /ENC_A_R)
  (net 75 /ENC_A_T)
  (net 76 /ENC_A)
  (net 77 "Net-(R14-Pad2)")
  (net 78 /SPI_CS_Magnet)
  (net 79 /SPI_CS_Gyro)
  (net 80 /SPI_CS_Accel)
  (net 81 /SPI_MOSI)
  (net 82 /SPI_SCK)
  (net 83 /SPI_MISO)
  (net 84 /SPI_CS_FOC)
  (net 85 GNDPWR)
  (net 86 "Net-(D1-Pad1)")
  (net 87 "Net-(J13-Pad2)")
  (net 88 "Net-(J15-Pad1)")
  (net 89 "Net-(R32-Pad2)")
  (net 90 "Net-(R32-Pad1)")
  (net 91 "Net-(R34-Pad1)")
  (net 92 "Net-(R55-Pad2)")
  (net 93 "Net-(R65-Pad1)")
  (net 94 "Net-(R66-Pad2)")
  (net 95 "Net-(R21-Pad1)")
  (net 96 "Net-(R22-Pad2)")
  (net 97 "Net-(R23-Pad1)")
  (net 98 "Net-(R24-Pad2)")
  (net 99 "Net-(R25-Pad1)")
  (net 100 "Net-(R26-Pad2)")
  (net 101 "Net-(R27-Pad1)")
  (net 102 "Net-(R28-Pad2)")
  (net 103 "Net-(R37-Pad1)")
  (net 104 "Net-(R38-Pad2)")
  (net 105 "Net-(R39-Pad1)")
  (net 106 "Net-(R40-Pad2)")
  (net 107 "Net-(R41-Pad1)")
  (net 108 "Net-(R42-Pad2)")
  (net 109 "Net-(R43-Pad1)")
  (net 110 "Net-(R44-Pad2)")
  (net 111 "Net-(R46-Pad2)")
  (net 112 "Net-(R47-Pad2)")
  (net 113 "Net-(R47-Pad1)")
  (net 114 "Net-(R50-Pad1)")
  (net 115 "Net-(R52-Pad2)")
  (net 116 "Net-(R54-Pad1)")
  (net 117 "Net-(R56-Pad1)")
  (net 118 "Net-(R57-Pad2)")
  (net 119 "Net-(R58-Pad1)")
  (net 120 "Net-(R59-Pad2)")
  (net 121 "Net-(R60-Pad1)")
  (net 122 "Net-(R61-Pad2)")
  (net 123 "Net-(R65-Pad2)")
  (net 124 "Net-(R68-Pad1)")
  (net 125 "Net-(R80-Pad2)")
  (net 126 "Net-(R87-Pad1)")
  (net 127 "Net-(R93-Pad1)")
  (net 128 "Net-(J2-Pad20)")
  (net 129 "Net-(J2-Pad19)")
  (net 130 "Net-(J2-Pad18)")
  (net 131 "Net-(J2-Pad17)")
  (net 132 "Net-(J2-Pad16)")
  (net 133 "Net-(J2-Pad14)")
  (net 134 "Net-(J2-Pad11)")
  (net 135 "Net-(J2-Pad5)")
  (net 136 "Net-(J2-Pad3)")
  (net 137 "Net-(J2-Pad2)")
  (net 138 "Net-(J4-Pad2)")
  (net 139 "Net-(J11-Pad3)")
  (net 140 "Net-(J11-Pad6)")
  (net 141 "Net-(J11-Pad9)")
  (net 142 "Net-(J11-Pad12)")
  (net 143 "Net-(J11-Pad13)")
  (net 144 "Net-(J11-Pad22)")
  (net 145 "Net-(J11-Pad24)")
  (net 146 "Net-(J11-Pad26)")
  (net 147 "Net-(U6-Pad62)")
  (net 148 "Net-(U6-Pad61)")
  (net 149 "Net-(U6-Pad59)")
  (net 150 "Net-(U6-Pad56)")
  (net 151 "Net-(U6-Pad50)")
  (net 152 "Net-(U6-Pad43)")
  (net 153 "Net-(U6-Pad42)")
  (net 154 "Net-(U6-Pad37)")
  (net 155 "Net-(U6-Pad30)")
  (net 156 "Net-(U6-Pad21)")
  (net 157 "Net-(U6-Pad1)")
  (net 158 "Net-(U7-Pad74)")
  (net 159 "Net-(U7-Pad71)")
  (net 160 "Net-(U7-Pad70)")
  (net 161 "Net-(U7-Pad69)")
  (net 162 "Net-(U7-Pad68)")
  (net 163 "Net-(U7-Pad67)")
  (net 164 "Net-(U7-Pad66)")
  (net 165 "Net-(U7-Pad65)")
  (net 166 "Net-(U7-Pad64)")
  (net 167 "Net-(U7-Pad58)")
  (net 168 "Net-(U7-Pad57)")
  (net 169 "Net-(U7-Pad56)")
  (net 170 "Net-(U7-Pad49)")
  (net 171 "Net-(U7-Pad48)")
  (net 172 "Net-(U7-Pad38)")
  (net 173 "Net-(U7-Pad37)")
  (net 174 "Net-(U7-Pad36)")
  (net 175 "Net-(U7-Pad35)")
  (net 176 "Net-(U7-Pad34)")
  (net 177 "Net-(U7-Pad33)")
  (net 178 "Net-(U7-Pad32)")
  (net 179 "Net-(U7-Pad31)")
  (net 180 "Net-(U7-Pad30)")
  (net 181 "Net-(U7-Pad28)")
  (net 182 "Net-(U7-Pad27)")
  (net 183 "Net-(U7-Pad26)")
  (net 184 "Net-(U7-Pad22)")
  (net 185 "Net-(U7-Pad21)")
  (net 186 "Net-(U7-Pad20)")
  (net 187 "Net-(U7-Pad19)")
  (net 188 "Net-(U7-Pad17)")
  (net 189 "Net-(U7-Pad11)")
  (net 190 "Net-(U7-Pad10)")
  (net 191 "Net-(Y2-Pad4)")
  (net 192 "Net-(Y2-Pad2)")
  (net 193 /MCO_TMC_CLK)
  (net 194 "Net-(U21-Pad1)")
  (net 195 "Net-(U23-Pad5)")
  (net 196 "Net-(U24-Pad8)")
  (net 197 "Net-(U25-Pad6)")
  (net 198 "Net-(U25-Pad3)")
  (net 199 "Net-(U26-Pad1)")
  (net 200 /CAN_P)
  (net 201 /CAN_N)
  (net 202 "Net-(R2-Pad2)")
  (net 203 "Net-(R13-Pad2)")
  (net 204 "Net-(R3-Pad1)")
  (net 205 "Net-(R4-Pad2)")
  (net 206 "Net-(R5-Pad1)")
  (net 207 "Net-(R6-Pad2)")
  (net 208 "Net-(R7-Pad1)")
  (net 209 "Net-(R8-Pad2)")
  (net 210 "Net-(R14-Pad1)")
  (net 211 "Net-(R16-Pad1)")
  (net 212 "Net-(U6-Pad58)")
  (net 213 "Net-(U7-Pad12)")
  (net 214 /1V8_1)
  (net 215 /1V8_2)
  (net 216 /1V8_3)
  (net 217 "Net-(J11-Pad11)")
  (net 218 "Net-(U6-Pad2)")
  (net 219 "Net-(R30-Pad2)")
  (net 220 "Net-(C17-Pad1)")
  (net 221 "Net-(C32-Pad1)")
  (net 222 "Net-(C36-Pad1)")
  (net 223 "Net-(C40-Pad1)")
  (net 224 "Net-(C42-Pad1)")
  (net 225 "Net-(C48-Pad1)")
  (net 226 "Net-(C52-Pad1)")
  (net 227 "Net-(C56-Pad1)")
  (net 228 "Net-(C58-Pad1)")
  (net 229 "Net-(C62-Pad1)")
  (net 230 "Net-(C66-Pad1)")
  (net 231 "Net-(C78-Pad1)")

  (net_class Default "This is the default net class."
    (clearance 0.15)
    (trace_width 0.2)
    (via_dia 0.6)
    (via_drill 0.3)
    (uvia_dia 0.3)
    (uvia_drill 0.1)
    (add_net +15V)
    (add_net +3V3)
    (add_net +5V)
    (add_net /1V8_1)
    (add_net /1V8_2)
    (add_net /1V8_3)
    (add_net /CAN_N)
    (add_net /CAN_P)
    (add_net /CAN_RX)
    (add_net /CAN_STBY)
    (add_net /CAN_TX)
    (add_net /DBGSPI_MISO)
    (add_net /DBGSPI_MOSI)
    (add_net /DBGSPI_SCK)
    (add_net /DBGSPI_TRG)
    (add_net /DBGSPI_nSCS)
    (add_net /DC_Bus_Voltage)
    (add_net /DC_Current)
    (add_net /ENABLE_INPUTS)
    (add_net /ENC_A)
    (add_net /ENC_A_R)
    (add_net /ENC_A_T)
    (add_net /ENC_B)
    (add_net /ENC_B_R)
    (add_net /ENC_B_T)
    (add_net /HB_UB)
    (add_net /HB_UT)
    (add_net /HB_VB)
    (add_net /HB_VT)
    (add_net /HB_WB)
    (add_net /HB_WT)
    (add_net /HSE_IN)
    (add_net /HSE_OUT)
    (add_net /IGBT_Temp)
    (add_net /LSE_IN)
    (add_net /LSE_OUT)
    (add_net /MCO_TMC_CLK)
    (add_net /Motor_Current_U)
    (add_net /Motor_Current_V)
    (add_net /Motor_Current_W)
    (add_net /Motor_Voltage_U)
    (add_net /Motor_Voltage_V)
    (add_net /Motor_Voltage_W)
    (add_net /Motor_temp)
    (add_net /PWM_UB)
    (add_net /PWM_UT)
    (add_net /PWM_VB)
    (add_net /PWM_VT)
    (add_net /PWM_WB)
    (add_net /PWM_WT)
    (add_net /SD_CLK)
    (add_net /SD_CMD)
    (add_net /SD_DAT0)
    (add_net /SD_DAT1)
    (add_net /SD_DAT2)
    (add_net /SD_DAT3)
    (add_net /SD_DET)
    (add_net /SPI_CS_Accel)
    (add_net /SPI_CS_FOC)
    (add_net /SPI_CS_Gyro)
    (add_net /SPI_CS_Magnet)
    (add_net /SPI_MISO)
    (add_net /SPI_MOSI)
    (add_net /SPI_SCK)
    (add_net /SWCLK)
    (add_net /SWDIO)
    (add_net /SWO)
    (add_net /TEMP_OUT)
    (add_net /TMC_CLK)
    (add_net /VCAP_1)
    (add_net /VCAP_2)
    (add_net /accelerator_pedal)
    (add_net /braking_pedal)
    (add_net /reset)
    (add_net GND)
    (add_net GNDPWR)
    (add_net "Net-(C17-Pad1)")
    (add_net "Net-(C32-Pad1)")
    (add_net "Net-(C36-Pad1)")
    (add_net "Net-(C40-Pad1)")
    (add_net "Net-(C42-Pad1)")
    (add_net "Net-(C48-Pad1)")
    (add_net "Net-(C52-Pad1)")
    (add_net "Net-(C56-Pad1)")
    (add_net "Net-(C58-Pad1)")
    (add_net "Net-(C62-Pad1)")
    (add_net "Net-(C66-Pad1)")
    (add_net "Net-(C78-Pad1)")
    (add_net "Net-(D1-Pad1)")
    (add_net "Net-(J11-Pad11)")
    (add_net "Net-(J11-Pad12)")
    (add_net "Net-(J11-Pad13)")
    (add_net "Net-(J11-Pad22)")
    (add_net "Net-(J11-Pad24)")
    (add_net "Net-(J11-Pad26)")
    (add_net "Net-(J11-Pad3)")
    (add_net "Net-(J11-Pad6)")
    (add_net "Net-(J11-Pad9)")
    (add_net "Net-(J13-Pad2)")
    (add_net "Net-(J15-Pad1)")
    (add_net "Net-(J2-Pad11)")
    (add_net "Net-(J2-Pad14)")
    (add_net "Net-(J2-Pad16)")
    (add_net "Net-(J2-Pad17)")
    (add_net "Net-(J2-Pad18)")
    (add_net "Net-(J2-Pad19)")
    (add_net "Net-(J2-Pad2)")
    (add_net "Net-(J2-Pad20)")
    (add_net "Net-(J2-Pad3)")
    (add_net "Net-(J2-Pad5)")
    (add_net "Net-(J4-Pad2)")
    (add_net "Net-(R10-Pad1)")
    (add_net "Net-(R10-Pad2)")
    (add_net "Net-(R13-Pad2)")
    (add_net "Net-(R14-Pad1)")
    (add_net "Net-(R14-Pad2)")
    (add_net "Net-(R16-Pad1)")
    (add_net "Net-(R2-Pad2)")
    (add_net "Net-(R21-Pad1)")
    (add_net "Net-(R22-Pad2)")
    (add_net "Net-(R23-Pad1)")
    (add_net "Net-(R24-Pad2)")
    (add_net "Net-(R25-Pad1)")
    (add_net "Net-(R26-Pad2)")
    (add_net "Net-(R27-Pad1)")
    (add_net "Net-(R28-Pad2)")
    (add_net "Net-(R3-Pad1)")
    (add_net "Net-(R30-Pad2)")
    (add_net "Net-(R32-Pad1)")
    (add_net "Net-(R32-Pad2)")
    (add_net "Net-(R34-Pad1)")
    (add_net "Net-(R37-Pad1)")
    (add_net "Net-(R38-Pad2)")
    (add_net "Net-(R39-Pad1)")
    (add_net "Net-(R4-Pad2)")
    (add_net "Net-(R40-Pad2)")
    (add_net "Net-(R41-Pad1)")
    (add_net "Net-(R42-Pad2)")
    (add_net "Net-(R43-Pad1)")
    (add_net "Net-(R44-Pad2)")
    (add_net "Net-(R46-Pad2)")
    (add_net "Net-(R47-Pad1)")
    (add_net "Net-(R47-Pad2)")
    (add_net "Net-(R5-Pad1)")
    (add_net "Net-(R50-Pad1)")
    (add_net "Net-(R52-Pad2)")
    (add_net "Net-(R54-Pad1)")
    (add_net "Net-(R55-Pad2)")
    (add_net "Net-(R56-Pad1)")
    (add_net "Net-(R57-Pad2)")
    (add_net "Net-(R58-Pad1)")
    (add_net "Net-(R59-Pad2)")
    (add_net "Net-(R6-Pad2)")
    (add_net "Net-(R60-Pad1)")
    (add_net "Net-(R61-Pad2)")
    (add_net "Net-(R65-Pad1)")
    (add_net "Net-(R65-Pad2)")
    (add_net "Net-(R66-Pad2)")
    (add_net "Net-(R68-Pad1)")
    (add_net "Net-(R7-Pad1)")
    (add_net "Net-(R8-Pad2)")
    (add_net "Net-(R80-Pad2)")
    (add_net "Net-(R87-Pad1)")
    (add_net "Net-(R93-Pad1)")
    (add_net "Net-(U21-Pad1)")
    (add_net "Net-(U23-Pad5)")
    (add_net "Net-(U24-Pad8)")
    (add_net "Net-(U25-Pad3)")
    (add_net "Net-(U25-Pad6)")
    (add_net "Net-(U26-Pad1)")
    (add_net "Net-(U6-Pad1)")
    (add_net "Net-(U6-Pad2)")
    (add_net "Net-(U6-Pad21)")
    (add_net "Net-(U6-Pad30)")
    (add_net "Net-(U6-Pad37)")
    (add_net "Net-(U6-Pad42)")
    (add_net "Net-(U6-Pad43)")
    (add_net "Net-(U6-Pad50)")
    (add_net "Net-(U6-Pad56)")
    (add_net "Net-(U6-Pad58)")
    (add_net "Net-(U6-Pad59)")
    (add_net "Net-(U6-Pad61)")
    (add_net "Net-(U6-Pad62)")
    (add_net "Net-(U7-Pad10)")
    (add_net "Net-(U7-Pad11)")
    (add_net "Net-(U7-Pad12)")
    (add_net "Net-(U7-Pad17)")
    (add_net "Net-(U7-Pad19)")
    (add_net "Net-(U7-Pad20)")
    (add_net "Net-(U7-Pad21)")
    (add_net "Net-(U7-Pad22)")
    (add_net "Net-(U7-Pad26)")
    (add_net "Net-(U7-Pad27)")
    (add_net "Net-(U7-Pad28)")
    (add_net "Net-(U7-Pad30)")
    (add_net "Net-(U7-Pad31)")
    (add_net "Net-(U7-Pad32)")
    (add_net "Net-(U7-Pad33)")
    (add_net "Net-(U7-Pad34)")
    (add_net "Net-(U7-Pad35)")
    (add_net "Net-(U7-Pad36)")
    (add_net "Net-(U7-Pad37)")
    (add_net "Net-(U7-Pad38)")
    (add_net "Net-(U7-Pad48)")
    (add_net "Net-(U7-Pad49)")
    (add_net "Net-(U7-Pad56)")
    (add_net "Net-(U7-Pad57)")
    (add_net "Net-(U7-Pad58)")
    (add_net "Net-(U7-Pad64)")
    (add_net "Net-(U7-Pad65)")
    (add_net "Net-(U7-Pad66)")
    (add_net "Net-(U7-Pad67)")
    (add_net "Net-(U7-Pad68)")
    (add_net "Net-(U7-Pad69)")
    (add_net "Net-(U7-Pad70)")
    (add_net "Net-(U7-Pad71)")
    (add_net "Net-(U7-Pad74)")
    (add_net "Net-(Y2-Pad2)")
    (add_net "Net-(Y2-Pad4)")
  )

  (net_class PWR ""
    (clearance 1)
    (trace_width 20)
    (via_dia 0.8)
    (via_drill 0.4)
    (uvia_dia 0.3)
    (uvia_drill 0.1)
    (add_net +VDC)
    (add_net /DC+)
    (add_net /IGBT_U)
    (add_net /IGBT_V)
    (add_net /IGBT_W)
    (add_net /Motor_U)
    (add_net /Motor_V)
    (add_net /Motor_W)
  )

  (net_class supply ""
    (clearance 0.4)
    (trace_width 0.6)
    (via_dia 0.8)
    (via_drill 0.4)
    (uvia_dia 0.3)
    (uvia_drill 0.1)
    (add_net +24V)
    (add_net +BATT)
    (add_net -BATT)
    (add_net "Net-(L1-Pad2)")
  )

  (module Capacitor_SMD:C_0805_2012Metric (layer F.Cu) (tedit 5B36C52B) (tstamp 5DF9C8E5)
    (at 124.01 155.86 180)
    (descr "Capacitor SMD 0805 (2012 Metric), square (rectangular) end terminal, IPC_7351 nominal, (Body size source: https://docs.google.com/spreadsheets/d/1BsfQQcO9C6DZCsRaXUlFlo91Tg2WpOkGARC1WS5S8t0/edit?usp=sharing), generated with kicad-footprint-generator")
    (tags capacitor)
    (path /62E9487B)
    (attr smd)
    (fp_text reference C54 (at 0.01 -1.72) (layer F.SilkS)
      (effects (font (size 1 1) (thickness 0.15)))
    )
    (fp_text value 100n (at 0 1.65) (layer F.Fab)
      (effects (font (size 1 1) (thickness 0.15)))
    )
    (fp_text user %R (at 0 0) (layer F.Fab)
      (effects (font (size 0.5 0.5) (thickness 0.08)))
    )
    (fp_line (start 1.68 0.95) (end -1.68 0.95) (layer F.CrtYd) (width 0.05))
    (fp_line (start 1.68 -0.95) (end 1.68 0.95) (layer F.CrtYd) (width 0.05))
    (fp_line (start -1.68 -0.95) (end 1.68 -0.95) (layer F.CrtYd) (width 0.05))
    (fp_line (start -1.68 0.95) (end -1.68 -0.95) (layer F.CrtYd) (width 0.05))
    (fp_line (start -0.258578 0.71) (end 0.258578 0.71) (layer F.SilkS) (width 0.12))
    (fp_line (start -0.258578 -0.71) (end 0.258578 -0.71) (layer F.SilkS) (width 0.12))
    (fp_line (start 1 0.6) (end -1 0.6) (layer F.Fab) (width 0.1))
    (fp_line (start 1 -0.6) (end 1 0.6) (layer F.Fab) (width 0.1))
    (fp_line (start -1 -0.6) (end 1 -0.6) (layer F.Fab) (width 0.1))
    (fp_line (start -1 0.6) (end -1 -0.6) (layer F.Fab) (width 0.1))
    (pad 2 smd roundrect (at 0.9375 0 180) (size 0.975 1.4) (layers F.Cu F.Paste F.Mask) (roundrect_rratio 0.25)
      (net 1 GND))
    (pad 1 smd roundrect (at -0.9375 0 180) (size 0.975 1.4) (layers F.Cu F.Paste F.Mask) (roundrect_rratio 0.25)
      (net 2 +3V3))
    (model ${KISYS3DMOD}/Capacitor_SMD.3dshapes/C_0805_2012Metric.wrl
      (at (xyz 0 0 0))
      (scale (xyz 1 1 1))
      (rotate (xyz 0 0 0))
    )
  )

  (module Capacitor_SMD:C_0603_1608Metric (layer B.Cu) (tedit 5B301BBE) (tstamp 5E07F178)
    (at 93.64 88.9425 90)
    (descr "Capacitor SMD 0603 (1608 Metric), square (rectangular) end terminal, IPC_7351 nominal, (Body size source: http://www.tortai-tech.com/upload/download/2011102023233369053.pdf), generated with kicad-footprint-generator")
    (tags capacitor)
    (path /5EE43951)
    (attr smd)
    (fp_text reference C13 (at -3.0055 0.086 270) (layer B.SilkS)
      (effects (font (size 1 1) (thickness 0.15)) (justify mirror))
    )
    (fp_text value 4.7u (at 0 -1.43 270) (layer B.Fab)
      (effects (font (size 1 1) (thickness 0.15)) (justify mirror))
    )
    (fp_text user %R (at 0 0 270) (layer B.Fab)
      (effects (font (size 0.4 0.4) (thickness 0.06)) (justify mirror))
    )
    (fp_line (start 1.48 -0.73) (end -1.48 -0.73) (layer B.CrtYd) (width 0.05))
    (fp_line (start 1.48 0.73) (end 1.48 -0.73) (layer B.CrtYd) (width 0.05))
    (fp_line (start -1.48 0.73) (end 1.48 0.73) (layer B.CrtYd) (width 0.05))
    (fp_line (start -1.48 -0.73) (end -1.48 0.73) (layer B.CrtYd) (width 0.05))
    (fp_line (start -0.162779 -0.51) (end 0.162779 -0.51) (layer B.SilkS) (width 0.12))
    (fp_line (start -0.162779 0.51) (end 0.162779 0.51) (layer B.SilkS) (width 0.12))
    (fp_line (start 0.8 -0.4) (end -0.8 -0.4) (layer B.Fab) (width 0.1))
    (fp_line (start 0.8 0.4) (end 0.8 -0.4) (layer B.Fab) (width 0.1))
    (fp_line (start -0.8 0.4) (end 0.8 0.4) (layer B.Fab) (width 0.1))
    (fp_line (start -0.8 -0.4) (end -0.8 0.4) (layer B.Fab) (width 0.1))
    (pad 2 smd roundrect (at 0.7875 0 90) (size 0.875 0.95) (layers B.Cu B.Paste B.Mask) (roundrect_rratio 0.25)
      (net 1 GND))
    (pad 1 smd roundrect (at -0.7875 0 90) (size 0.875 0.95) (layers B.Cu B.Paste B.Mask) (roundrect_rratio 0.25)
      (net 2 +3V3))
    (model ${KISYS3DMOD}/Capacitor_SMD.3dshapes/C_0603_1608Metric.wrl
      (at (xyz 0 0 0))
      (scale (xyz 1 1 1))
      (rotate (xyz 0 0 0))
    )
  )

  (module Resistor_SMD:R_0603_1608Metric (layer F.Cu) (tedit 5B301BBD) (tstamp 5E091E9E)
    (at 99.04 88.92 270)
    (descr "Resistor SMD 0603 (1608 Metric), square (rectangular) end terminal, IPC_7351 nominal, (Body size source: http://www.tortai-tech.com/upload/download/2011102023233369053.pdf), generated with kicad-footprint-generator")
    (tags resistor)
    (path /5DFF23FB)
    (attr smd)
    (fp_text reference R48 (at -2.9 -0.05 270) (layer F.SilkS)
      (effects (font (size 1 1) (thickness 0.15)))
    )
    (fp_text value 10k (at 0 1.43 90) (layer F.Fab)
      (effects (font (size 1 1) (thickness 0.15)))
    )
    (fp_text user %R (at 0 0 90) (layer F.Fab)
      (effects (font (size 0.4 0.4) (thickness 0.06)))
    )
    (fp_line (start 1.48 0.73) (end -1.48 0.73) (layer F.CrtYd) (width 0.05))
    (fp_line (start 1.48 -0.73) (end 1.48 0.73) (layer F.CrtYd) (width 0.05))
    (fp_line (start -1.48 -0.73) (end 1.48 -0.73) (layer F.CrtYd) (width 0.05))
    (fp_line (start -1.48 0.73) (end -1.48 -0.73) (layer F.CrtYd) (width 0.05))
    (fp_line (start -0.162779 0.51) (end 0.162779 0.51) (layer F.SilkS) (width 0.12))
    (fp_line (start -0.162779 -0.51) (end 0.162779 -0.51) (layer F.SilkS) (width 0.12))
    (fp_line (start 0.8 0.4) (end -0.8 0.4) (layer F.Fab) (width 0.1))
    (fp_line (start 0.8 -0.4) (end 0.8 0.4) (layer F.Fab) (width 0.1))
    (fp_line (start -0.8 -0.4) (end 0.8 -0.4) (layer F.Fab) (width 0.1))
    (fp_line (start -0.8 0.4) (end -0.8 -0.4) (layer F.Fab) (width 0.1))
    (pad 2 smd roundrect (at 0.7875 0 270) (size 0.875 0.95) (layers F.Cu F.Paste F.Mask) (roundrect_rratio 0.25)
      (net 69 /ENABLE_INPUTS))
    (pad 1 smd roundrect (at -0.7875 0 270) (size 0.875 0.95) (layers F.Cu F.Paste F.Mask) (roundrect_rratio 0.25)
      (net 2 +3V3))
    (model ${KISYS3DMOD}/Resistor_SMD.3dshapes/R_0603_1608Metric.wrl
      (at (xyz 0 0 0))
      (scale (xyz 1 1 1))
      (rotate (xyz 0 0 0))
    )
  )

  (module Capacitor_SMD:C_0603_1608Metric (layer F.Cu) (tedit 5B301BBE) (tstamp 5E07F29A)
    (at 93.12 99.74 270)
    (descr "Capacitor SMD 0603 (1608 Metric), square (rectangular) end terminal, IPC_7351 nominal, (Body size source: http://www.tortai-tech.com/upload/download/2011102023233369053.pdf), generated with kicad-footprint-generator")
    (tags capacitor)
    (path /5E466E2F)
    (attr smd)
    (fp_text reference C31 (at 1.54 -2.23) (layer F.SilkS)
      (effects (font (size 1 1) (thickness 0.15)))
    )
    (fp_text value 100n (at 0 1.43 270) (layer F.Fab)
      (effects (font (size 1 1) (thickness 0.15)))
    )
    (fp_line (start -0.8 0.4) (end -0.8 -0.4) (layer F.Fab) (width 0.1))
    (fp_line (start -0.8 -0.4) (end 0.8 -0.4) (layer F.Fab) (width 0.1))
    (fp_line (start 0.8 -0.4) (end 0.8 0.4) (layer F.Fab) (width 0.1))
    (fp_line (start 0.8 0.4) (end -0.8 0.4) (layer F.Fab) (width 0.1))
    (fp_line (start -0.162779 -0.51) (end 0.162779 -0.51) (layer F.SilkS) (width 0.12))
    (fp_line (start -0.162779 0.51) (end 0.162779 0.51) (layer F.SilkS) (width 0.12))
    (fp_line (start -1.48 0.73) (end -1.48 -0.73) (layer F.CrtYd) (width 0.05))
    (fp_line (start -1.48 -0.73) (end 1.48 -0.73) (layer F.CrtYd) (width 0.05))
    (fp_line (start 1.48 -0.73) (end 1.48 0.73) (layer F.CrtYd) (width 0.05))
    (fp_line (start 1.48 0.73) (end -1.48 0.73) (layer F.CrtYd) (width 0.05))
    (fp_text user %R (at 0 0 270) (layer F.Fab)
      (effects (font (size 0.4 0.4) (thickness 0.06)))
    )
    (pad 1 smd roundrect (at -0.7875 0 270) (size 0.875 0.95) (layers F.Cu F.Paste F.Mask) (roundrect_rratio 0.25)
      (net 8 +5V))
    (pad 2 smd roundrect (at 0.7875 0 270) (size 0.875 0.95) (layers F.Cu F.Paste F.Mask) (roundrect_rratio 0.25)
      (net 1 GND))
    (model ${KISYS3DMOD}/Capacitor_SMD.3dshapes/C_0603_1608Metric.wrl
      (at (xyz 0 0 0))
      (scale (xyz 1 1 1))
      (rotate (xyz 0 0 0))
    )
  )

  (module Capacitor_SMD:C_0603_1608Metric (layer B.Cu) (tedit 5B301BBE) (tstamp 5DF9C6A3)
    (at 93.14 99.7425 270)
    (descr "Capacitor SMD 0603 (1608 Metric), square (rectangular) end terminal, IPC_7351 nominal, (Body size source: http://www.tortai-tech.com/upload/download/2011102023233369053.pdf), generated with kicad-footprint-generator")
    (tags capacitor)
    (path /5E0F153B)
    (attr smd)
    (fp_text reference C30 (at 0 1.43 270) (layer B.SilkS)
      (effects (font (size 1 1) (thickness 0.15)) (justify mirror))
    )
    (fp_text value 4.7u (at 0 -1.43 270) (layer B.Fab)
      (effects (font (size 1 1) (thickness 0.15)) (justify mirror))
    )
    (fp_text user %R (at 0 0 270) (layer B.Fab)
      (effects (font (size 0.4 0.4) (thickness 0.06)) (justify mirror))
    )
    (fp_line (start 1.48 -0.73) (end -1.48 -0.73) (layer B.CrtYd) (width 0.05))
    (fp_line (start 1.48 0.73) (end 1.48 -0.73) (layer B.CrtYd) (width 0.05))
    (fp_line (start -1.48 0.73) (end 1.48 0.73) (layer B.CrtYd) (width 0.05))
    (fp_line (start -1.48 -0.73) (end -1.48 0.73) (layer B.CrtYd) (width 0.05))
    (fp_line (start -0.162779 -0.51) (end 0.162779 -0.51) (layer B.SilkS) (width 0.12))
    (fp_line (start -0.162779 0.51) (end 0.162779 0.51) (layer B.SilkS) (width 0.12))
    (fp_line (start 0.8 -0.4) (end -0.8 -0.4) (layer B.Fab) (width 0.1))
    (fp_line (start 0.8 0.4) (end 0.8 -0.4) (layer B.Fab) (width 0.1))
    (fp_line (start -0.8 0.4) (end 0.8 0.4) (layer B.Fab) (width 0.1))
    (fp_line (start -0.8 -0.4) (end -0.8 0.4) (layer B.Fab) (width 0.1))
    (pad 2 smd roundrect (at 0.7875 0 270) (size 0.875 0.95) (layers B.Cu B.Paste B.Mask) (roundrect_rratio 0.25)
      (net 1 GND))
    (pad 1 smd roundrect (at -0.7875 0 270) (size 0.875 0.95) (layers B.Cu B.Paste B.Mask) (roundrect_rratio 0.25)
      (net 8 +5V))
    (model ${KISYS3DMOD}/Capacitor_SMD.3dshapes/C_0603_1608Metric.wrl
      (at (xyz 0 0 0))
      (scale (xyz 1 1 1))
      (rotate (xyz 0 0 0))
    )
  )

  (module Capacitor_SMD:C_0603_1608Metric (layer B.Cu) (tedit 5B301BBE) (tstamp 5DF9C72B)
    (at 76.82 114.25 90)
    (descr "Capacitor SMD 0603 (1608 Metric), square (rectangular) end terminal, IPC_7351 nominal, (Body size source: http://www.tortai-tech.com/upload/download/2011102023233369053.pdf), generated with kicad-footprint-generator")
    (tags capacitor)
    (path /5DC92662)
    (attr smd)
    (fp_text reference C27 (at 1.22 -2.398) (layer B.SilkS)
      (effects (font (size 1 1) (thickness 0.15)) (justify mirror))
    )
    (fp_text value 1u (at 0 -1.43 270) (layer B.Fab)
      (effects (font (size 1 1) (thickness 0.15)) (justify mirror))
    )
    (fp_text user %R (at 0 0 270) (layer B.Fab)
      (effects (font (size 0.4 0.4) (thickness 0.06)) (justify mirror))
    )
    (fp_line (start 1.48 -0.73) (end -1.48 -0.73) (layer B.CrtYd) (width 0.05))
    (fp_line (start 1.48 0.73) (end 1.48 -0.73) (layer B.CrtYd) (width 0.05))
    (fp_line (start -1.48 0.73) (end 1.48 0.73) (layer B.CrtYd) (width 0.05))
    (fp_line (start -1.48 -0.73) (end -1.48 0.73) (layer B.CrtYd) (width 0.05))
    (fp_line (start -0.162779 -0.51) (end 0.162779 -0.51) (layer B.SilkS) (width 0.12))
    (fp_line (start -0.162779 0.51) (end 0.162779 0.51) (layer B.SilkS) (width 0.12))
    (fp_line (start 0.8 -0.4) (end -0.8 -0.4) (layer B.Fab) (width 0.1))
    (fp_line (start 0.8 0.4) (end 0.8 -0.4) (layer B.Fab) (width 0.1))
    (fp_line (start -0.8 0.4) (end 0.8 0.4) (layer B.Fab) (width 0.1))
    (fp_line (start -0.8 -0.4) (end -0.8 0.4) (layer B.Fab) (width 0.1))
    (pad 2 smd roundrect (at 0.7875 0 90) (size 0.875 0.95) (layers B.Cu B.Paste B.Mask) (roundrect_rratio 0.25)
      (net 1 GND))
    (pad 1 smd roundrect (at -0.7875 0 90) (size 0.875 0.95) (layers B.Cu B.Paste B.Mask) (roundrect_rratio 0.25)
      (net 2 +3V3))
    (model ${KISYS3DMOD}/Capacitor_SMD.3dshapes/C_0603_1608Metric.wrl
      (at (xyz 0 0 0))
      (scale (xyz 1 1 1))
      (rotate (xyz 0 0 0))
    )
  )

  (module Capacitor_SMD:C_0603_1608Metric (layer B.Cu) (tedit 5B301BBE) (tstamp 5DF9C71A)
    (at 78.38 114.25 90)
    (descr "Capacitor SMD 0603 (1608 Metric), square (rectangular) end terminal, IPC_7351 nominal, (Body size source: http://www.tortai-tech.com/upload/download/2011102023233369053.pdf), generated with kicad-footprint-generator")
    (tags capacitor)
    (path /5DC9211F)
    (attr smd)
    (fp_text reference C26 (at 0 2.392 180) (layer B.SilkS)
      (effects (font (size 1 1) (thickness 0.15)) (justify mirror))
    )
    (fp_text value 100n (at 0 -1.43 90) (layer B.Fab)
      (effects (font (size 1 1) (thickness 0.15)) (justify mirror))
    )
    (fp_text user %R (at 0 0 90) (layer B.Fab)
      (effects (font (size 0.4 0.4) (thickness 0.06)) (justify mirror))
    )
    (fp_line (start 1.48 -0.73) (end -1.48 -0.73) (layer B.CrtYd) (width 0.05))
    (fp_line (start 1.48 0.73) (end 1.48 -0.73) (layer B.CrtYd) (width 0.05))
    (fp_line (start -1.48 0.73) (end 1.48 0.73) (layer B.CrtYd) (width 0.05))
    (fp_line (start -1.48 -0.73) (end -1.48 0.73) (layer B.CrtYd) (width 0.05))
    (fp_line (start -0.162779 -0.51) (end 0.162779 -0.51) (layer B.SilkS) (width 0.12))
    (fp_line (start -0.162779 0.51) (end 0.162779 0.51) (layer B.SilkS) (width 0.12))
    (fp_line (start 0.8 -0.4) (end -0.8 -0.4) (layer B.Fab) (width 0.1))
    (fp_line (start 0.8 0.4) (end 0.8 -0.4) (layer B.Fab) (width 0.1))
    (fp_line (start -0.8 0.4) (end 0.8 0.4) (layer B.Fab) (width 0.1))
    (fp_line (start -0.8 -0.4) (end -0.8 0.4) (layer B.Fab) (width 0.1))
    (pad 2 smd roundrect (at 0.7875 0 90) (size 0.875 0.95) (layers B.Cu B.Paste B.Mask) (roundrect_rratio 0.25)
      (net 1 GND))
    (pad 1 smd roundrect (at -0.7875 0 90) (size 0.875 0.95) (layers B.Cu B.Paste B.Mask) (roundrect_rratio 0.25)
      (net 2 +3V3))
    (model ${KISYS3DMOD}/Capacitor_SMD.3dshapes/C_0603_1608Metric.wrl
      (at (xyz 0 0 0))
      (scale (xyz 1 1 1))
      (rotate (xyz 0 0 0))
    )
  )

  (module Capacitor_SMD:C_0603_1608Metric (layer F.Cu) (tedit 5B301BBE) (tstamp 5DF9C780)
    (at 71.09 102.54 90)
    (descr "Capacitor SMD 0603 (1608 Metric), square (rectangular) end terminal, IPC_7351 nominal, (Body size source: http://www.tortai-tech.com/upload/download/2011102023233369053.pdf), generated with kicad-footprint-generator")
    (tags capacitor)
    (path /5DC86F64)
    (attr smd)
    (fp_text reference C25 (at 0.7 2.42) (layer F.SilkS)
      (effects (font (size 1 1) (thickness 0.15)))
    )
    (fp_text value 2.2n (at 0 1.43 270) (layer F.Fab)
      (effects (font (size 1 1) (thickness 0.15)))
    )
    (fp_text user %R (at 0 0 270) (layer F.Fab)
      (effects (font (size 0.4 0.4) (thickness 0.06)))
    )
    (fp_line (start 1.48 0.73) (end -1.48 0.73) (layer F.CrtYd) (width 0.05))
    (fp_line (start 1.48 -0.73) (end 1.48 0.73) (layer F.CrtYd) (width 0.05))
    (fp_line (start -1.48 -0.73) (end 1.48 -0.73) (layer F.CrtYd) (width 0.05))
    (fp_line (start -1.48 0.73) (end -1.48 -0.73) (layer F.CrtYd) (width 0.05))
    (fp_line (start -0.162779 0.51) (end 0.162779 0.51) (layer F.SilkS) (width 0.12))
    (fp_line (start -0.162779 -0.51) (end 0.162779 -0.51) (layer F.SilkS) (width 0.12))
    (fp_line (start 0.8 0.4) (end -0.8 0.4) (layer F.Fab) (width 0.1))
    (fp_line (start 0.8 -0.4) (end 0.8 0.4) (layer F.Fab) (width 0.1))
    (fp_line (start -0.8 -0.4) (end 0.8 -0.4) (layer F.Fab) (width 0.1))
    (fp_line (start -0.8 0.4) (end -0.8 -0.4) (layer F.Fab) (width 0.1))
    (pad 2 smd roundrect (at 0.7875 0 90) (size 0.875 0.95) (layers F.Cu F.Paste F.Mask) (roundrect_rratio 0.25)
      (net 1 GND))
    (pad 1 smd roundrect (at -0.7875 0 90) (size 0.875 0.95) (layers F.Cu F.Paste F.Mask) (roundrect_rratio 0.25)
      (net 4 /VCAP_2))
    (model ${KISYS3DMOD}/Capacitor_SMD.3dshapes/C_0603_1608Metric.wrl
      (at (xyz 0 0 0))
      (scale (xyz 1 1 1))
      (rotate (xyz 0 0 0))
    )
  )

  (module Capacitor_SMD:C_0603_1608Metric (layer B.Cu) (tedit 5B301BBE) (tstamp 5DF9C76F)
    (at 80.43 108.05 180)
    (descr "Capacitor SMD 0603 (1608 Metric), square (rectangular) end terminal, IPC_7351 nominal, (Body size source: http://www.tortai-tech.com/upload/download/2011102023233369053.pdf), generated with kicad-footprint-generator")
    (tags capacitor)
    (path /5DC85555)
    (attr smd)
    (fp_text reference C24 (at 0 -1.424) (layer B.SilkS)
      (effects (font (size 1 1) (thickness 0.15)) (justify mirror))
    )
    (fp_text value 2.2n (at 0 -1.43) (layer B.Fab)
      (effects (font (size 1 1) (thickness 0.15)) (justify mirror))
    )
    (fp_text user %R (at 0 0) (layer B.Fab)
      (effects (font (size 0.4 0.4) (thickness 0.06)) (justify mirror))
    )
    (fp_line (start 1.48 -0.73) (end -1.48 -0.73) (layer B.CrtYd) (width 0.05))
    (fp_line (start 1.48 0.73) (end 1.48 -0.73) (layer B.CrtYd) (width 0.05))
    (fp_line (start -1.48 0.73) (end 1.48 0.73) (layer B.CrtYd) (width 0.05))
    (fp_line (start -1.48 -0.73) (end -1.48 0.73) (layer B.CrtYd) (width 0.05))
    (fp_line (start -0.162779 -0.51) (end 0.162779 -0.51) (layer B.SilkS) (width 0.12))
    (fp_line (start -0.162779 0.51) (end 0.162779 0.51) (layer B.SilkS) (width 0.12))
    (fp_line (start 0.8 -0.4) (end -0.8 -0.4) (layer B.Fab) (width 0.1))
    (fp_line (start 0.8 0.4) (end 0.8 -0.4) (layer B.Fab) (width 0.1))
    (fp_line (start -0.8 0.4) (end 0.8 0.4) (layer B.Fab) (width 0.1))
    (fp_line (start -0.8 -0.4) (end -0.8 0.4) (layer B.Fab) (width 0.1))
    (pad 2 smd roundrect (at 0.7875 0 180) (size 0.875 0.95) (layers B.Cu B.Paste B.Mask) (roundrect_rratio 0.25)
      (net 1 GND))
    (pad 1 smd roundrect (at -0.7875 0 180) (size 0.875 0.95) (layers B.Cu B.Paste B.Mask) (roundrect_rratio 0.25)
      (net 3 /VCAP_1))
    (model ${KISYS3DMOD}/Capacitor_SMD.3dshapes/C_0603_1608Metric.wrl
      (at (xyz 0 0 0))
      (scale (xyz 1 1 1))
      (rotate (xyz 0 0 0))
    )
  )

  (module Capacitor_SMD:C_0603_1608Metric (layer B.Cu) (tedit 5B301BBE) (tstamp 5E0A4EFE)
    (at 101.0625 96.15 180)
    (descr "Capacitor SMD 0603 (1608 Metric), square (rectangular) end terminal, IPC_7351 nominal, (Body size source: http://www.tortai-tech.com/upload/download/2011102023233369053.pdf), generated with kicad-footprint-generator")
    (tags capacitor)
    (path /5F0C408A)
    (attr smd)
    (fp_text reference C23 (at 0 -1.64) (layer B.SilkS)
      (effects (font (size 1 1) (thickness 0.15)) (justify mirror))
    )
    (fp_text value 100n (at 0 -1.43) (layer B.Fab)
      (effects (font (size 1 1) (thickness 0.15)) (justify mirror))
    )
    (fp_text user %R (at 0 0) (layer B.Fab)
      (effects (font (size 0.4 0.4) (thickness 0.06)) (justify mirror))
    )
    (fp_line (start 1.48 -0.73) (end -1.48 -0.73) (layer B.CrtYd) (width 0.05))
    (fp_line (start 1.48 0.73) (end 1.48 -0.73) (layer B.CrtYd) (width 0.05))
    (fp_line (start -1.48 0.73) (end 1.48 0.73) (layer B.CrtYd) (width 0.05))
    (fp_line (start -1.48 -0.73) (end -1.48 0.73) (layer B.CrtYd) (width 0.05))
    (fp_line (start -0.162779 -0.51) (end 0.162779 -0.51) (layer B.SilkS) (width 0.12))
    (fp_line (start -0.162779 0.51) (end 0.162779 0.51) (layer B.SilkS) (width 0.12))
    (fp_line (start 0.8 -0.4) (end -0.8 -0.4) (layer B.Fab) (width 0.1))
    (fp_line (start 0.8 0.4) (end 0.8 -0.4) (layer B.Fab) (width 0.1))
    (fp_line (start -0.8 0.4) (end 0.8 0.4) (layer B.Fab) (width 0.1))
    (fp_line (start -0.8 -0.4) (end -0.8 0.4) (layer B.Fab) (width 0.1))
    (pad 2 smd roundrect (at 0.7875 0 180) (size 0.875 0.95) (layers B.Cu B.Paste B.Mask) (roundrect_rratio 0.25)
      (net 1 GND))
    (pad 1 smd roundrect (at -0.7875 0 180) (size 0.875 0.95) (layers B.Cu B.Paste B.Mask) (roundrect_rratio 0.25)
      (net 216 /1V8_3))
    (model ${KISYS3DMOD}/Capacitor_SMD.3dshapes/C_0603_1608Metric.wrl
      (at (xyz 0 0 0))
      (scale (xyz 1 1 1))
      (rotate (xyz 0 0 0))
    )
  )

  (module Capacitor_SMD:C_0603_1608Metric (layer F.Cu) (tedit 5B301BBE) (tstamp 5DF9C74D)
    (at 88.9 99.18 180)
    (descr "Capacitor SMD 0603 (1608 Metric), square (rectangular) end terminal, IPC_7351 nominal, (Body size source: http://www.tortai-tech.com/upload/download/2011102023233369053.pdf), generated with kicad-footprint-generator")
    (tags capacitor)
    (path /5F10B61C)
    (attr smd)
    (fp_text reference C22 (at 1.15 -1.62) (layer F.SilkS)
      (effects (font (size 1 1) (thickness 0.15)))
    )
    (fp_text value 100n (at 0 1.43) (layer F.Fab)
      (effects (font (size 1 1) (thickness 0.15)))
    )
    (fp_text user %R (at 0 0) (layer F.Fab)
      (effects (font (size 0.4 0.4) (thickness 0.06)))
    )
    (fp_line (start 1.48 0.73) (end -1.48 0.73) (layer F.CrtYd) (width 0.05))
    (fp_line (start 1.48 -0.73) (end 1.48 0.73) (layer F.CrtYd) (width 0.05))
    (fp_line (start -1.48 -0.73) (end 1.48 -0.73) (layer F.CrtYd) (width 0.05))
    (fp_line (start -1.48 0.73) (end -1.48 -0.73) (layer F.CrtYd) (width 0.05))
    (fp_line (start -0.162779 0.51) (end 0.162779 0.51) (layer F.SilkS) (width 0.12))
    (fp_line (start -0.162779 -0.51) (end 0.162779 -0.51) (layer F.SilkS) (width 0.12))
    (fp_line (start 0.8 0.4) (end -0.8 0.4) (layer F.Fab) (width 0.1))
    (fp_line (start 0.8 -0.4) (end 0.8 0.4) (layer F.Fab) (width 0.1))
    (fp_line (start -0.8 -0.4) (end 0.8 -0.4) (layer F.Fab) (width 0.1))
    (fp_line (start -0.8 0.4) (end -0.8 -0.4) (layer F.Fab) (width 0.1))
    (pad 2 smd roundrect (at 0.7875 0 180) (size 0.875 0.95) (layers F.Cu F.Paste F.Mask) (roundrect_rratio 0.25)
      (net 1 GND))
    (pad 1 smd roundrect (at -0.7875 0 180) (size 0.875 0.95) (layers F.Cu F.Paste F.Mask) (roundrect_rratio 0.25)
      (net 215 /1V8_2))
    (model ${KISYS3DMOD}/Capacitor_SMD.3dshapes/C_0603_1608Metric.wrl
      (at (xyz 0 0 0))
      (scale (xyz 1 1 1))
      (rotate (xyz 0 0 0))
    )
  )

  (module Capacitor_SMD:C_0603_1608Metric (layer F.Cu) (tedit 5B301BBE) (tstamp 5DF9C73C)
    (at 95.93 88.92 90)
    (descr "Capacitor SMD 0603 (1608 Metric), square (rectangular) end terminal, IPC_7351 nominal, (Body size source: http://www.tortai-tech.com/upload/download/2011102023233369053.pdf), generated with kicad-footprint-generator")
    (tags capacitor)
    (path /5F028AE8)
    (attr smd)
    (fp_text reference C21 (at 2.99 0.02 90) (layer F.SilkS)
      (effects (font (size 1 1) (thickness 0.15)))
    )
    (fp_text value 100n (at 0 1.43 90) (layer F.Fab)
      (effects (font (size 1 1) (thickness 0.15)))
    )
    (fp_text user %R (at 0 0 90) (layer F.Fab)
      (effects (font (size 0.4 0.4) (thickness 0.06)))
    )
    (fp_line (start 1.48 0.73) (end -1.48 0.73) (layer F.CrtYd) (width 0.05))
    (fp_line (start 1.48 -0.73) (end 1.48 0.73) (layer F.CrtYd) (width 0.05))
    (fp_line (start -1.48 -0.73) (end 1.48 -0.73) (layer F.CrtYd) (width 0.05))
    (fp_line (start -1.48 0.73) (end -1.48 -0.73) (layer F.CrtYd) (width 0.05))
    (fp_line (start -0.162779 0.51) (end 0.162779 0.51) (layer F.SilkS) (width 0.12))
    (fp_line (start -0.162779 -0.51) (end 0.162779 -0.51) (layer F.SilkS) (width 0.12))
    (fp_line (start 0.8 0.4) (end -0.8 0.4) (layer F.Fab) (width 0.1))
    (fp_line (start 0.8 -0.4) (end 0.8 0.4) (layer F.Fab) (width 0.1))
    (fp_line (start -0.8 -0.4) (end 0.8 -0.4) (layer F.Fab) (width 0.1))
    (fp_line (start -0.8 0.4) (end -0.8 -0.4) (layer F.Fab) (width 0.1))
    (pad 2 smd roundrect (at 0.7875 0 90) (size 0.875 0.95) (layers F.Cu F.Paste F.Mask) (roundrect_rratio 0.25)
      (net 1 GND))
    (pad 1 smd roundrect (at -0.7875 0 90) (size 0.875 0.95) (layers F.Cu F.Paste F.Mask) (roundrect_rratio 0.25)
      (net 214 /1V8_1))
    (model ${KISYS3DMOD}/Capacitor_SMD.3dshapes/C_0603_1608Metric.wrl
      (at (xyz 0 0 0))
      (scale (xyz 1 1 1))
      (rotate (xyz 0 0 0))
    )
  )

  (module Capacitor_SMD:C_0603_1608Metric (layer B.Cu) (tedit 5B301BBE) (tstamp 5E07F189)
    (at 90.58 88.93 90)
    (descr "Capacitor SMD 0603 (1608 Metric), square (rectangular) end terminal, IPC_7351 nominal, (Body size source: http://www.tortai-tech.com/upload/download/2011102023233369053.pdf), generated with kicad-footprint-generator")
    (tags capacitor)
    (path /5EE43DCE)
    (attr smd)
    (fp_text reference C14 (at -3.018 0.098 90) (layer B.SilkS)
      (effects (font (size 1 1) (thickness 0.15)) (justify mirror))
    )
    (fp_text value 470n (at 0 -1.43 90) (layer B.Fab)
      (effects (font (size 1 1) (thickness 0.15)) (justify mirror))
    )
    (fp_text user %R (at 0 0 90) (layer B.Fab)
      (effects (font (size 0.4 0.4) (thickness 0.06)) (justify mirror))
    )
    (fp_line (start 1.48 -0.73) (end -1.48 -0.73) (layer B.CrtYd) (width 0.05))
    (fp_line (start 1.48 0.73) (end 1.48 -0.73) (layer B.CrtYd) (width 0.05))
    (fp_line (start -1.48 0.73) (end 1.48 0.73) (layer B.CrtYd) (width 0.05))
    (fp_line (start -1.48 -0.73) (end -1.48 0.73) (layer B.CrtYd) (width 0.05))
    (fp_line (start -0.162779 -0.51) (end 0.162779 -0.51) (layer B.SilkS) (width 0.12))
    (fp_line (start -0.162779 0.51) (end 0.162779 0.51) (layer B.SilkS) (width 0.12))
    (fp_line (start 0.8 -0.4) (end -0.8 -0.4) (layer B.Fab) (width 0.1))
